Time(ms)	원점 X(cm)	원점 Y(cm)	좌표 X(cm)	좌표 Y(cm)	각(rad)	각속도(rad/s)	
0.000000	136.019000	1.985000	0.201000	26.999000	0.000000	0.000000	
0.033000	136.019000	1.985000	2.224000	29.984000	0.024159	732.089927	
0.066000	136.019000	1.985000	2.246000	32.984000	0.021418	649.041904	
0.100000	136.019000	1.985000	2.269000	35.984000	0.021217	624.018241	
0.133000	136.019000	1.985000	3.291000	38.977000	0.022882	693.388488	
0.166000	136.019000	1.985000	4.321000	42.969000	0.029889	905.740979	
0.200000	136.019000	1.985000	6.351000	46.954000	0.032125	944.851462	
0.233000	136.019000	1.985000	7.380000	50.946000	0.029856	904.721729	
0.266000	136.019000	1.985000	9.418000	55.931000	0.039133	1185.842640	
0.300000	136.019000	1.985000	10.447000	59.924000	0.029483	867.157984	
0.333000	136.019000	1.985000	13.477000	63.901000	0.035555	1077.436226	
0.366000	136.019000	1.985000	16.522000	69.879000	0.048833	1479.781938	
0.400000	136.019000	1.985000	18.552000	73.864000	0.032447	954.325859	
0.433000	136.019000	1.985000	22.596000	79.834000	0.052383	1587.373916	
0.466000	136.019000	1.985000	26.634000	84.804000	0.046538	1410.239361	
0.500000	136.019000	1.985000	30.671000	89.774000	0.046682	1373.000416	
0.533000	136.019000	1.985000	34.715000	95.744000	0.052005	1575.907600	
0.566000	136.019000	1.985000	39.745000	99.706000	0.046119	1397.556220	
0.600000	136.019000	1.985000	44.790000	105.669000	0.056355	1657.491949	
0.633000	136.019000	1.985000	50.819000	109.624000	0.052027	1576.570419	
0.666000	136.019000	1.985000	56.864000	115.579000	0.060967	1847.476015	
0.700000	136.019000	1.985000	63.894000	119.527000	0.058224	1712.469487	
0.733000	136.019000	1.985000	70.923000	123.474000	0.058477	1772.040043	
0.766000	136.019000	1.985000	78.953000	127.414000	0.064913	1967.071885	
0.800000	136.019000	1.985000	86.983000	131.355000	0.064671	1902.096841	
0.833000	136.019000	1.985000	97.012000	135.280000	0.077617	2352.040673	
0.866000	136.019000	1.985000	105.027000	137.220000	0.059406	1800.196376	
0.900000	136.019000	1.985000	115.042000	139.145000	0.073519	2162.326314	
0.933000	136.019000	1.985000	125.056000	141.071000	0.073103	2215.245944	
0.966000	136.019000	1.985000	135.056000	140.996000	0.071732	2173.688097	
1.000000	136.019000	1.985000	146.056000	140.914000	0.079048	2324.930382	
1.033000	136.019000	1.985000	157.055000	140.832000	0.078241	2370.944427	
1.066000	136.019000	1.985000	168.040000	138.750000	0.079627	2412.951244	
1.100000	136.019000	1.985000	179.025000	136.668000	0.079091	2326.194767	
1.133000	136.019000	1.985000	190.995000	132.578000	0.089375	2708.320122	
1.166000	136.019000	1.985000	200.965000	128.504000	0.075801	2296.990467	
1.200000	136.019000	1.985000	212.919000	122.415000	0.094026	2765.464399	
1.233000	136.019000	1.985000	222.859000	114.340000	0.089721	2718.814097	
1.266000	136.019000	1.985000	232.799000	106.266000	0.090107	2730.516769	
1.300000	136.019000	1.985000	242.732000	97.191000	0.094216	2771.071107	
1.333000	136.019000	1.985000	250.657000	87.132000	0.089629	2716.021345	
1.366000	136.019000	1.985000	258.575000	76.073000	0.095104	2881.932118	
1.400000	136.019000	1.985000	265.485000	64.021000	0.096895	2849.861660	
1.433000	136.019000	1.985000	271.381000	49.976000	0.106132	3216.113683	
1.466000	136.019000	1.985000	276.291000	37.939000	0.089798	2721.136407	
1.500000	136.019000	1.985000	279.179000	22.917000	0.105729	3109.684737	
1.533000	136.019000	1.985000	281.067000	7.903000	0.104408	3163.865859	
1.566000	136.019000	1.985000	280.955000	-7.096000	0.103351	3131.851975	
1.600000	136.019000	1.985000	278.836000	-23.081000	0.111168	3269.655965	
1.633000	136.019000	1.985000	275.731000	-37.058000	0.098760	2992.729232	
1.666000	136.019000	1.985000	269.612000	-53.013000	0.118036	3576.835727	
1.700000	136.019000	1.985000	263.508000	-66.968000	0.105257	3095.800639	
1.733000	136.019000	1.985000	253.396000	-81.893000	0.124665	3777.732780	
1.766000	136.019000	1.985000	243.299000	-94.818000	0.113646	3443.831517	
1.800000	136.019000	1.985000	231.210000	-106.728000	0.117510	3456.190934	
1.833000	136.019000	1.985000	217.128000	-117.623000	0.123287	3735.975783	
1.866000	136.019000	1.985000	200.062000	-126.496000	0.133475	4044.706049	
1.900000	136.019000	1.985000	184.010000	-133.376000	0.121703	3579.492553	
1.933000	136.019000	1.985000	164.980000	-137.234000	0.135615	4109.536741	
1.966000	136.019000	1.985000	144.951000	-141.085000	0.142750	4325.744964	
2.000000	136.019000	1.985000	124.959000	-139.936000	0.140124	4121.280753	
2.033000	136.019000	1.985000	105.982000	-136.794000	0.135376	4102.314857	
2.066000	136.019000	1.985000	86.027000	-130.645000	0.147310	4463.947860	
2.100000	136.019000	1.985000	67.103000	-120.504000	0.152028	4471.415758	
2.133000	136.019000	1.985000	49.193000	-108.370000	0.154145	4671.046288	
2.166000	136.019000	1.985000	34.305000	-93.258000	0.151608	4594.194366	
2.200000	136.019000	1.985000	20.440000	-75.154000	0.164036	4824.574595	
2.233000	136.019000	1.985000	9.589000	-55.073000	0.164584	4987.398377	
2.266000	136.019000	1.985000	1.754000	-33.014000	0.168939	5119.360068	
2.300000	136.019000	1.985000	-2.067000	-8.984000	0.175727	5168.440426	
2.333000	136.019000	1.985000	-0.880000	16.007000	0.181339	5495.135742	
2.366000	136.019000	1.985000	3.291000	38.977000	0.169738	5143.570213	
2.400000	136.019000	1.985000	12.470000	62.909000	0.186318	5479.929022	
2.433000	136.019000	1.985000	24.626000	83.819000	0.175474	5317.397619	
2.466000	136.019000	1.985000	41.767000	102.691000	0.184891	5602.763348	
2.500000	136.019000	1.985000	61.886000	118.541000	0.185815	5465.137054	
2.533000	136.019000	1.985000	83.975000	130.377000	0.181379	5496.335649	
2.566000	136.019000	1.985000	107.034000	138.205000	0.175458	5316.906206	
2.600000	136.019000	1.985000	133.063000	142.011000	0.188547	5545.494453	
2.633000	136.019000	1.985000	159.048000	139.817000	0.186658	5656.310622	
2.666000	136.019000	1.985000	183.010000	134.638000	0.174896	5299.881375	
2.700000	136.019000	1.985000	206.942000	125.459000	0.180933	5321.567820	
2.733000	136.019000	1.985000	226.837000	111.310000	0.171811	5206.396203	
2.766000	136.019000	1.985000	246.702000	93.162000	0.188539	5713.300332	
2.800000	136.019000	1.985000	260.545000	72.058000	0.176511	5191.500424	
2.833000	136.019000	1.985000	271.373000	48.976000	0.178402	5406.135580	
2.866000	136.019000	1.985000	279.179000	22.917000	0.188967	5726.278722	
2.900000	136.019000	1.985000	280.992000	-2.096000	0.173328	5097.878835	
2.933000	136.019000	1.985000	276.798000	-28.066000	0.182163	5520.098087	
2.966000	136.019000	1.985000	269.604000	-54.013000	0.186637	5655.654093	
3.000000	136.019000	1.985000	257.433000	-76.923000	0.179368	5275.543814	
3.033000	136.019000	1.985000	239.277000	-97.788000	0.191924	5815.879805	
3.066000	136.019000	1.985000	218.143000	-115.631000	0.193019	5849.051040	
3.100000	136.019000	1.985000	193.039000	-129.444000	0.200203	5888.321979	
3.133000	136.019000	1.985000	164.973000	-138.234000	0.205710	6233.648652	
3.166000	136.019000	1.985000	135.959000	-140.018000	0.204052	6183.388894	
3.200000	136.019000	1.985000	105.982000	-136.794000	0.212727	6256.686868	
3.233000	136.019000	1.985000	77.065000	-125.578000	0.219767	6659.600945	
3.266000	136.019000	1.985000	50.185000	-109.377000	0.223742	6780.074819	
3.300000	136.019000	1.985000	28.365000	-85.214000	0.233332	6862.719662	
3.333000	136.019000	1.985000	11.574000	-57.087000	0.237615	7200.440347	
3.366000	136.019000	1.985000	-0.186000	-24.999000	0.247610	7503.319202	
3.400000	136.019000	1.985000	-0.932000	9.007000	0.246810	7259.104828	
3.433000	136.019000	1.985000	4.313000	41.969000	0.243514	7379.206568	
3.466000	136.019000	1.985000	18.552000	73.864000	0.254387	7708.686488	
3.500000	136.019000	1.985000	39.753000	100.706000	0.248859	7319.372332	
3.533000	136.019000	1.985000	67.909000	121.497000	0.254814	7721.651379	
3.566000	136.019000	1.985000	98.012000	135.272000	0.240214	7279.224133	
3.600000	136.019000	1.985000	132.063000	142.018000	0.249536	7339.305348	
3.633000	136.019000	1.985000	165.048000	139.772000	0.235887	7148.078719	
3.666000	136.019000	1.985000	196.972000	129.534000	0.238151	7216.702025	
3.700000	136.019000	1.985000	224.852000	113.325000	0.227636	6695.173215	
3.733000	136.019000	1.985000	248.680000	90.147000	0.233361	7071.534815	
3.766000	136.019000	1.985000	266.470000	62.013000	0.232736	7052.615388	
3.800000	136.019000	1.985000	277.239000	30.932000	0.229091	6737.975225	
3.833000	136.019000	1.985000	281.000000	-1.096000	0.223425	6770.466450	
3.866000	136.019000	1.985000	276.753000	-34.066000	0.229524	6955.268184	
3.900000	136.019000	1.985000	264.515000	-65.975000	0.235718	6932.893355	
3.933000	136.019000	1.985000	244.307000	-93.825000	0.237847	7207.478247	
3.966000	136.019000	1.985000	218.136000	-116.631000	0.240925	7300.753867	
4.000000	136.019000	1.985000	187.017000	-132.399000	0.242829	7142.037902	
4.033000	136.019000	1.985000	150.958000	-140.130000	0.257971	7817.298204	
4.066000	136.019000	1.985000	112.974000	-137.846000	0.268072	8123.402752	
4.100000	136.019000	1.985000	76.065000	-125.571000	0.276040	8118.831071	
4.133000	136.019000	1.985000	44.230000	-103.332000	0.277494	8408.921456	
4.166000	136.019000	1.985000	18.462000	-72.139000	0.291353	8828.878217	
4.200000	136.019000	1.985000	1.754000	-33.014000	0.307574	9046.303414	
4.233000	136.019000	1.985000	-0.932000	9.007000	0.306225	9279.559891	
4.266000	136.019000	1.985000	7.373000	49.946000	0.305624	9261.322620	
4.300000	136.019000	1.985000	27.648000	86.796000	0.307187	9034.921916	
4.333000	136.019000	1.985000	57.864000	115.571000	0.304083	9214.630198	
4.366000	136.019000	1.985000	93.997000	133.302000	0.292967	8877.781054	
4.400000	136.019000	1.985000	134.063000	142.004000	0.295738	8698.182024	
4.433000	136.019000	1.985000	174.032000	137.705000	0.287055	8698.642891	
4.466000	136.019000	1.985000	210.920000	122.429000	0.283262	8583.687960	
4.500000	136.019000	1.985000	240.740000	98.206000	0.271325	7980.159692	
4.533000	136.019000	1.985000	263.500000	66.035000	0.277535	8410.140329	
