Time(ms)	원점 X(cm)	원점 Y(cm)	좌표 X(cm)	좌표 Y(cm)	각(rad)	각속도(rad/s)	
0.000000	137.011000	0.978000	70.931000	124.474000	0.000000	0.000000	
0.033000	137.011000	0.978000	71.931000	124.467000	0.006293	190.694030	
0.067000	137.011000	0.978000	73.938000	125.452000	0.016016	471.047597	
0.100000	137.011000	0.978000	75.946000	126.437000	0.016029	485.715474	
0.133000	137.011000	0.978000	77.953000	127.422000	0.016021	485.470916	
0.167000	137.011000	0.978000	79.960000	128.407000	0.016011	470.901309	
0.200000	137.011000	0.978000	82.975000	130.384000	0.025386	769.279285	
0.233000	137.011000	0.978000	84.983000	131.369000	0.015903	481.908372	
0.267000	137.011000	0.978000	88.990000	132.340000	0.029186	858.417319	
0.300000	137.011000	0.978000	93.005000	134.310000	0.031680	959.996290	
0.333000	137.011000	0.978000	97.012000	135.280000	0.029327	888.710950	
0.367000	137.011000	0.978000	102.027000	137.242000	0.038154	1122.190562	
0.400000	137.011000	0.978000	107.034000	138.205000	0.036239	1098.165187	
0.433000	137.011000	0.978000	113.042000	139.160000	0.043319	1312.698084	
0.467000	137.011000	0.978000	119.049000	140.116000	0.043366	1275.467324	
0.500000	137.011000	0.978000	125.056000	141.071000	0.043255	1310.753827	
0.533000	137.011000	0.978000	131.056000	141.026000	0.042634	1291.951107	
0.567000	137.011000	0.978000	139.063000	141.966000	0.057049	1677.909978	
0.600000	137.011000	0.978000	146.063000	141.914000	0.049586	1502.613105	
0.633000	137.011000	0.978000	154.055000	140.854000	0.057113	1730.709053	
0.667000	137.011000	0.978000	162.048000	139.795000	0.057188	1682.010192	
0.700000	137.011000	0.978000	169.040000	138.742000	0.049992	1514.918787	
0.733000	137.011000	0.978000	178.025000	136.675000	0.065083	1972.218476	
0.767000	137.011000	0.978000	186.002000	133.616000	0.060299	1773.494666	
0.800000	137.011000	0.978000	193.980000	130.556000	0.060398	1830.245044	
0.833000	137.011000	0.978000	202.950000	126.489000	0.069519	2106.628410	
0.867000	137.011000	0.978000	211.912000	121.422000	0.072616	2135.757098	
0.900000	137.011000	0.978000	219.874000	116.362000	0.066455	2013.793637	
0.933000	137.011000	0.978000	228.829000	110.295000	0.075812	2297.331232	
0.967000	137.011000	0.978000	236.777000	103.236000	0.074448	2189.653125	
1.000000	137.011000	0.978000	244.717000	95.176000	0.079138	2398.123409	
1.033000	137.011000	0.978000	251.650000	86.124000	0.079762	2417.018096	
1.067000	137.011000	0.978000	258.575000	76.073000	0.085471	2513.856243	
1.100000	137.011000	0.978000	264.493000	65.028000	0.087777	2659.912072	
1.133000	137.011000	0.978000	270.410000	53.984000	0.087366	2647.442927	
1.167000	137.011000	0.978000	274.321000	41.954000	0.088213	2594.497682	
1.200000	137.011000	0.978000	277.231000	29.932000	0.086378	2617.527062	
1.233000	137.011000	0.978000	280.134000	16.910000	0.092767	2811.135118	
1.267000	137.011000	0.978000	281.029000	2.903000	0.097495	2867.495504	
1.300000	137.011000	0.978000	279.925000	-11.089000	0.097601	2957.611558	
1.333000	137.011000	0.978000	277.821000	-25.073000	0.098704	2991.032436	
1.367000	137.011000	0.978000	274.716000	-39.051000	0.099951	2939.735021	
1.400000	137.011000	0.978000	270.612000	-53.020000	0.101208	3066.923843	
1.433000	137.011000	0.978000	263.508000	-66.968000	0.108813	3297.378650	
1.467000	137.011000	0.978000	255.411000	-79.908000	0.106421	3130.025020	
1.500000	137.011000	0.978000	245.314000	-92.833000	0.114485	3469.244500	
1.533000	137.011000	0.978000	233.225000	-104.743000	0.118624	3594.678080	
1.567000	137.011000	0.978000	220.151000	-114.646000	0.114953	3380.972764	
1.600000	137.011000	0.978000	205.076000	-124.533000	0.126486	3832.898927	
1.633000	137.011000	0.978000	190.025000	-131.421000	0.116054	3516.791615	
1.667000	137.011000	0.978000	172.988000	-136.294000	0.124540	3662.941968	
1.700000	137.011000	0.978000	154.958000	-140.160000	0.129840	3934.547410	
1.733000	137.011000	0.978000	134.951000	-141.010000	0.140988	4272.354310	
1.767000	137.011000	0.978000	115.967000	-138.869000	0.134851	3966.201974	
1.800000	137.011000	0.978000	96.997000	-134.727000	0.137377	4162.927146	
1.833000	137.011000	0.978000	78.058000	-126.586000	0.146173	4429.471293	
1.867000	137.011000	0.978000	61.133000	-116.459000	0.140733	4139.210443	
1.900000	137.011000	0.978000	44.223000	-104.332000	0.148631	4503.957360	
1.933000	137.011000	0.978000	29.342000	-88.221000	0.156673	4747.652603	
1.967000	137.011000	0.978000	17.477000	-70.132000	0.155197	4564.603355	
2.000000	137.011000	0.978000	7.619000	-51.058000	0.154291	4675.488247	
2.033000	137.011000	0.978000	1.784000	-29.014000	0.164108	4972.972695	
2.067000	137.011000	0.978000	-2.044000	-5.984000	0.168232	4948.008872	
2.100000	137.011000	0.978000	-0.865000	18.007000	0.172912	5239.755667	
2.133000	137.011000	0.978000	4.298000	39.969000	0.162871	4935.494612	
2.167000	137.011000	0.978000	12.462000	61.909000	0.169222	4977.128991	
2.200000	137.011000	0.978000	24.626000	83.819000	0.180225	5461.351255	
2.233000	137.011000	0.978000	40.760000	101.699000	0.172882	5238.859498	
2.267000	137.011000	0.978000	58.879000	117.564000	0.172287	5067.265033	
2.300000	137.011000	0.978000	79.968000	129.407000	0.172435	5225.298409	
2.333000	137.011000	0.978000	103.027000	137.235000	0.173562	5259.465090	
2.367000	137.011000	0.978000	127.056000	141.056000	0.173476	5102.235461	
2.400000	137.011000	0.978000	152.055000	140.869000	0.178077	5396.285384	
2.433000	137.011000	0.978000	175.032000	137.698000	0.164111	4973.065590	
2.467000	137.011000	0.978000	197.972000	129.526000	0.171578	5046.398851	
2.500000	137.011000	0.978000	218.882000	117.370000	0.170191	5157.312328	
2.533000	137.011000	0.978000	238.762000	101.221000	0.179854	5450.133574	
2.567000	137.011000	0.978000	253.627000	83.110000	0.164330	4833.247305	
2.600000	137.011000	0.978000	266.470000	62.013000	0.173045	5243.776639	
2.633000	137.011000	0.978000	275.298000	38.947000	0.172594	5230.133360	
2.667000	137.011000	0.978000	280.112000	13.910000	0.177838	5230.540158	
2.700000	137.011000	0.978000	279.925000	-11.089000	0.174361	5283.652203	
2.733000	137.011000	0.978000	275.739000	-36.058000	0.176649	5352.985810	
2.767000	137.011000	0.978000	266.560000	-59.990000	0.178982	5264.183812	
2.800000	137.011000	0.978000	253.388000	-82.893000	0.184607	5594.144556	
2.833000	137.011000	0.978000	235.240000	-102.758000	0.188185	5702.586824	
2.867000	137.011000	0.978000	215.121000	-118.608000	0.179537	5280.508238	
2.900000	137.011000	0.978000	190.025000	-131.421000	0.197740	5992.121335	
2.933000	137.011000	0.978000	162.973000	-138.220000	0.196468	5953.571970	
2.967000	137.011000	0.978000	133.951000	-141.003000	0.205942	6057.102989	
3.000000	137.011000	0.978000	104.982000	-136.787000	0.206883	6269.189569	
3.033000	137.011000	0.978000	77.058000	-126.578000	0.210940	6392.108354	
3.067000	137.011000	0.978000	51.178000	-110.384000	0.217282	6390.643291	
3.100000	137.011000	0.978000	29.342000	-88.221000	0.222290	6736.060701	
3.133000	137.011000	0.978000	12.544000	-61.095000	0.229237	6946.584806	
3.167000	137.011000	0.978000	1.769000	-31.014000	0.230332	6774.459096	
3.200000	137.011000	0.978000	-1.985000	2.015000	0.239744	7264.981119	
3.233000	137.011000	0.978000	2.261000	34.984000	0.239742	7264.894362	
3.267000	137.011000	0.978000	14.492000	65.894000	0.240035	7059.853947	
3.300000	137.011000	0.978000	32.701000	93.759000	0.239732	7264.602076	
3.333000	137.011000	0.978000	56.864000	115.579000	0.233533	7076.763016	
3.367000	137.011000	0.978000	85.983000	131.362000	0.237252	6978.003985	
3.400000	137.011000	0.978000	117.049000	140.130000	0.230560	6986.652572	
3.433000	137.011000	0.978000	150.056000	140.884000	0.235455	7134.997545	
3.467000	137.011000	0.978000	181.017000	135.653000	0.222848	6554.348942	
3.500000	137.011000	0.978000	210.920000	122.429000	0.230862	6995.827003	
3.533000	137.011000	0.978000	235.777000	103.243000	0.221312	6706.427972	
3.567000	137.011000	0.978000	257.597000	79.080000	0.228054	6707.473550	
3.600000	137.011000	0.978000	271.381000	49.976000	0.225082	6820.659042	
3.633000	137.011000	0.978000	279.149000	18.917000	0.224121	6791.553719	
3.667000	137.011000	0.978000	280.910000	-13.096000	0.223039	6559.976155	
3.700000	137.011000	0.978000	273.671000	-45.043000	0.227333	6888.868581	
3.733000	137.011000	0.978000	258.455000	-73.930000	0.227862	6904.898451	
3.767000	137.011000	0.978000	238.255000	-100.780000	0.235241	6918.859163	
3.800000	137.011000	0.978000	211.106000	-120.578000	0.235451	7134.877280	
3.833000	137.011000	0.978000	179.002000	-134.339000	0.246521	7470.348123	
3.867000	137.011000	0.978000	142.951000	-141.070000	0.259101	7620.624526	
3.900000	137.011000	0.978000	105.982000	-136.794000	0.263316	7979.280773	
3.933000	137.011000	0.978000	71.073000	-124.533000	0.262203	7945.531664	
3.967000	137.011000	0.978000	41.253000	-100.310000	0.273615	8047.491368	
4.000000	137.011000	0.978000	16.485000	-69.124000	0.286650	8686.358127	
4.033000	137.011000	0.978000	1.769000	-31.014000	0.294522	8924.897712	
4.067000	137.011000	0.978000	-0.917000	11.007000	0.304868	8966.705318	
4.100000	137.011000	0.978000	6.380000	50.954000	0.292810	8873.031079	
4.133000	137.011000	0.978000	27.648000	86.796000	0.299952	9089.469513	
4.167000	137.011000	0.978000	56.864000	115.579000	0.295155	8681.043318	
4.200000	137.011000	0.978000	92.997000	133.310000	0.289201	8763.674231	
4.233000	137.011000	0.978000	131.056000	141.026000	0.278597	8442.346557	
4.267000	137.011000	0.978000	170.033000	137.735000	0.279425	8218.384338	
4.300000	137.011000	0.978000	206.942000	125.459000	0.274913	8330.703250	
4.333000	137.011000	0.978000	236.770000	102.236000	0.266098	8063.590386	
4.367000	137.011000	0.978000	260.552000	73.058000	0.264694	7785.105701	
4.400000	137.011000	0.978000	275.291000	37.947000	0.266922	8088.555410	
4.433000	137.011000	0.978000	281.007000	-0.097000	0.268705	8142.561516	
4.467000	137.011000	0.978000	274.731000	-37.051000	0.261954	7704.519179	
4.500000	137.011000	0.978000	260.470000	-71.945000	0.264109	8003.296786	
4.533000	137.011000	0.978000	235.240000	-102.758000	0.279131	8458.506576	
4.567000	137.011000	0.978000	203.069000	-125.518000	0.276877	8143.448114	
4.600000	137.011000	0.978000	162.973000	-138.220000	0.296868	8995.997675	
4.633000	137.011000	0.978000	120.959000	-139.906000	0.297841	9025.488846	
4.667000	137.011000	0.978000	79.057000	-126.593000	0.312966	9204.876318	
4.700000	137.011000	0.978000	41.245000	-101.310000	0.326065	9880.769016	
4.733000	137.011000	0.978000	13.529000	-63.102000	0.339631	10291.834322	
4.767000	137.011000	0.978000	-0.134000	-17.999000	0.341187	10034.925491	
4.800000	137.011000	0.978000	1.231000	30.992000	0.355049	10759.063783	
4.833000	137.011000	0.978000	18.559000	74.864000	0.340159	10307.849148	
4.867000	137.011000	0.978000	50.827000	110.624000	0.346928	10203.775355	
4.900000	137.011000	0.978000	90.997000	133.325000	0.331555	10047.113278	
4.933000	137.011000	0.978000	138.063000	141.974000	0.342065	10365.601433	
4.967000	137.011000	0.978000	181.017000	135.653000	0.308359	9069.387194	
