Time(ms)	원점 X(cm)	원점 Y(cm)	좌표 X(cm)	좌표 Y(cm)	각(rad)	각속도(rad/s)	
0.000000	136.011000	0.985000	-5.999000	0.045000	0.000000	0.000000	
0.034000	136.011000	0.985000	-5.984000	2.045000	0.014084	414.237306	
0.067000	136.011000	0.985000	-5.969000	4.045000	0.014084	426.790372	
0.100000	136.011000	0.985000	-5.947000	7.045000	0.021114	639.811661	
0.134000	136.011000	0.985000	-4.910000	12.037000	0.035604	1047.174565	
0.167000	136.011000	0.985000	-3.880000	16.029000	0.028862	874.619321	
0.200000	136.011000	0.985000	-3.835000	22.029000	0.042230	1279.697485	
0.234000	136.011000	0.985000	-2.790000	28.022000	0.043021	1265.337283	
0.267000	136.011000	0.985000	-1.731000	36.014000	0.056649	1716.642994	
0.300000	136.011000	0.985000	0.328000	43.999000	0.057966	1756.547181	
0.334000	136.011000	0.985000	4.388000	51.969000	0.062557	1839.906916	
0.367000	136.011000	0.985000	8.455000	60.939000	0.069825	2115.919628	
0.400000	136.011000	0.985000	12.522000	69.909000	0.069692	2111.885393	
0.434000	136.011000	0.985000	18.596000	79.863000	0.082470	2425.574197	
0.467000	136.011000	0.985000	25.663000	88.811000	0.080696	2445.340890	
0.500000	136.011000	0.985000	35.738000	98.736000	0.100427	3043.240479	
0.534000	136.011000	0.985000	44.812000	108.669000	0.095434	2806.883076	
0.567000	136.011000	0.985000	56.872000	116.579000	0.102364	3101.942844	
0.600000	136.011000	0.985000	68.931000	124.489000	0.102774	3114.356598	
0.634000	136.011000	0.985000	83.990000	132.377000	0.120575	3546.334285	
0.667000	136.011000	0.985000	100.027000	137.257000	0.118819	3600.567247	
0.700000	136.011000	0.985000	117.056000	141.130000	0.123730	3749.404383	
0.734000	136.011000	0.985000	135.063000	141.996000	0.127714	3756.299726	
0.767000	136.011000	0.985000	154.055000	140.854000	0.135021	4091.533288	
0.800000	136.011000	0.985000	173.025000	136.713000	0.137936	4179.864439	
0.834000	136.011000	0.985000	191.980000	130.571000	0.141472	4160.951832	
0.867000	136.011000	0.985000	209.912000	121.437000	0.142603	4321.317462	
0.900000	136.011000	0.985000	227.815000	108.303000	0.157334	4767.697644	
0.934000	136.011000	0.985000	242.702000	93.191000	0.150453	4425.095662	
0.967000	136.011000	0.985000	255.568000	75.095000	0.157797	4781.721987	
1.000000	136.011000	0.985000	266.418000	55.013000	0.162128	4912.960498	
1.034000	136.011000	0.985000	273.254000	32.962000	0.163864	4819.524566	
1.067000	136.011000	0.985000	276.074000	8.940000	0.172177	5217.472471	
1.100000	136.011000	0.985000	275.880000	-17.059000	0.185033	5607.052673	
1.134000	136.011000	0.985000	270.694000	-42.021000	0.180782	5317.105697	
1.167000	136.011000	0.985000	260.515000	-65.945000	0.184173	5580.998439	
1.200000	136.011000	0.985000	245.344000	-88.833000	0.194467	5892.929661	
1.234000	136.011000	0.985000	225.195000	-108.683000	0.200328	5892.010221	
1.267000	136.011000	0.985000	201.076000	-124.503000	0.204414	6194.376294	
1.300000	136.011000	0.985000	172.995000	-135.294000	0.213333	6464.629244	
1.334000	136.011000	0.985000	141.951000	-141.063000	0.223209	6564.978050	
1.367000	136.011000	0.985000	109.967000	-138.824000	0.225964	6847.401488	
1.400000	136.011000	0.985000	78.043000	-128.585000	0.236508	7166.894227	
1.434000	136.011000	0.985000	48.178000	-110.362000	0.247209	7270.846300	
1.467000	136.011000	0.985000	23.372000	-84.176000	0.255545	7743.782224	
1.500000	136.011000	0.985000	4.612000	-52.035000	0.263840	7995.158027	
1.534000	136.011000	0.985000	-4.111000	-14.969000	0.270154	7945.692819	
1.567000	136.011000	0.985000	-3.813000	25.029000	0.283663	8595.856329	
1.600000	136.011000	0.985000	8.470000	62.939000	0.281895	8542.281726	
1.634000	136.011000	0.985000	31.716000	95.766000	0.285455	8395.731181	
1.667000	136.011000	0.985000	62.909000	121.534000	0.288034	8728.301062	
1.700000	136.011000	0.985000	100.027000	137.257000	0.286951	8695.496172	
1.734000	136.011000	0.985000	140.063000	141.959000	0.286902	8438.302681	
1.767000	136.011000	0.985000	180.010000	134.660000	0.289245	8765.000357	
1.800000	136.011000	0.985000	214.882000	117.400000	0.277484	8408.612295	
1.834000	136.011000	0.985000	244.687000	91.177000	0.282614	8312.169685	
1.867000	136.011000	0.985000	265.433000	57.021000	0.284115	8609.559037	
1.900000	136.011000	0.985000	276.149000	18.940000	0.281173	8520.407938	
1.934000	136.011000	0.985000	275.843000	-22.059000	0.290759	8551.740657	
1.967000	136.011000	0.985000	263.560000	-59.968000	0.282465	8559.547356	
2.000000	136.011000	0.985000	239.307000	-93.788000	0.296599	8987.861846	
2.034000	136.011000	0.985000	206.099000	-121.541000	0.308806	9082.531775	
2.067000	136.011000	0.985000	164.980000	-137.234000	0.312999	9484.810695	
2.100000	136.011000	0.985000	116.967000	-138.876000	0.341929	10361.477083	
2.134000	136.011000	0.985000	71.073000	-124.533000	0.342108	10061.986024	
2.167000	136.011000	0.985000	30.298000	-94.228000	0.360170	10914.233554	
2.200000	136.011000	0.985000	3.634000	-49.028000	0.371958	11271.454557	
2.234000	136.011000	0.985000	-4.962000	5.037000	0.389965	11469.552693	
2.267000	136.011000	0.985000	7.440000	58.946000	0.394792	11963.379986	
2.300000	136.011000	0.985000	39.775000	103.706000	0.394455	11953.178475	
2.334000	136.011000	0.985000	84.983000	131.369000	0.379773	11169.783217	
2.367000	136.011000	0.985000	138.063000	141.974000	0.387595	11745.314744	
2.400000	136.011000	0.985000	187.987000	131.601000	0.364167	11035.368417	
2.434000	136.011000	0.985000	229.792000	105.288000	0.353609	10400.255980	
2.467000	136.011000	0.985000	261.500000	66.050000	0.360136	10913.209155	
2.500000	136.011000	0.985000	275.149000	18.947000	0.349946	10604.438326	
2.534000	136.011000	0.985000	273.776000	-31.043000	0.356810	10494.412123	
2.567000	136.011000	0.985000	253.433000	-76.893000	0.357196	10824.109355	
2.600000	136.011000	0.985000	217.143000	-115.623000	0.377296	11433.215884	
2.634000	136.011000	0.985000	166.980000	-137.249000	0.387485	11396.628832	
2.667000	136.011000	0.985000	107.982000	-136.809000	0.421068	12759.651321	
2.700000	136.011000	0.985000	53.155000	-113.399000	0.426219	12915.717937	
2.734000	136.011000	0.985000	10.522000	-64.080000	0.465572	13693.290528	
2.767000	136.011000	0.985000	-4.984000	2.037000	0.485792	14720.981311	
2.800000	136.011000	0.985000	11.500000	66.916000	0.479522	14530.977078	
2.834000	136.011000	0.985000	56.879000	117.579000	0.487528	14339.053985	
2.867000	136.011000	0.985000	118.049000	140.123000	0.467900	14178.797856	
2.900000	136.011000	0.985000	179.017000	135.668000	0.437464	13256.491308	
2.934000	136.011000	0.985000	229.792000	105.288000	0.423250	12448.521964	
2.967000	136.011000	0.985000	263.448000	59.036000	0.411026	12455.347406	
3.000000	136.011000	0.985000	277.030000	2.933000	0.413628	12534.176941	
3.034000	136.011000	0.985000	266.597000	-54.991000	0.418773	12316.854092	
3.067000	136.011000	0.985000	230.240000	-102.721000	0.428281	12978.206212	
3.100000	136.011000	0.985000	177.010000	-133.324000	0.441281	13372.151590	
3.134000	136.011000	0.985000	110.975000	-137.831000	0.474710	13962.058968	
3.167000	136.011000	0.985000	46.193000	-108.347000	0.509288	15432.965617	
3.200000	136.011000	0.985000	3.642000	-48.028000	0.528451	16013.653364	
3.234000	136.011000	0.985000	-2.813000	25.022000	0.526070	15472.637905	
3.267000	136.011000	0.985000	25.671000	89.811000	0.506347	15343.863433	
3.300000	136.011000	0.985000	80.975000	130.399000	0.490901	14875.798712	
3.334000	136.011000	0.985000	143.063000	141.936000	0.452090	13296.762176	
3.367000	136.011000	0.985000	199.950000	126.511000	0.421124	12761.347335	
