Time(ms)	원점 X(cm)	원점 Y(cm)	좌표 X(cm)	좌표 Y(cm)	각(rad)	각속도(rad/s)	
0.000000	139.974000	-4.044000	225.822000	109.318000	0.000000	0.000000	
0.033000	139.974000	-4.044000	225.822000	109.318000	0.000000	0.000000	
0.067000	139.974000	-4.044000	227.807000	107.303000	0.019737	580.503362	
0.100000	139.974000	-4.044000	229.792000	105.288000	0.019835	601.075644	
0.133000	139.974000	-4.044000	231.785000	104.273000	0.015384	466.172086	
0.167000	139.974000	-4.044000	233.777000	103.258000	0.015267	449.039976	
0.200000	139.974000	-4.044000	235.747000	99.244000	0.029289	887.553675	
0.233000	139.974000	-4.044000	238.732000	97.221000	0.025201	763.679530	
0.267000	139.974000	-4.044000	241.717000	95.199000	0.024971	734.439361	
0.300000	139.974000	-4.044000	244.687000	91.177000	0.035002	1060.666975	
0.333000	139.974000	-4.044000	247.672000	89.154000	0.024612	745.807845	
0.367000	139.974000	-4.044000	250.642000	85.132000	0.035080	1031.777252	
0.400000	139.974000	-4.044000	253.612000	81.110000	0.035185	1066.201004	
0.433000	139.974000	-4.044000	257.575000	76.080000	0.045002	1363.701982	
0.467000	139.974000	-4.044000	259.538000	71.065000	0.037189	1093.786141	
0.500000	139.974000	-4.044000	263.500000	66.035000	0.044846	1358.960480	
0.533000	139.974000	-4.044000	266.463000	61.013000	0.041000	1242.411416	
0.567000	139.974000	-4.044000	269.410000	53.991000	0.053549	1574.972133	
0.600000	139.974000	-4.044000	271.358000	46.976000	0.051093	1548.265390	
0.633000	139.974000	-4.044000	275.313000	40.947000	0.049464	1498.920684	
0.667000	139.974000	-4.044000	277.253000	32.932000	0.057834	1700.994361	
0.700000	139.974000	-4.044000	279.194000	24.917000	0.058007	1757.788578	
0.733000	139.974000	-4.044000	280.134000	16.910000	0.056697	1718.082884	
0.767000	139.974000	-4.044000	281.074000	8.903000	0.056900	1673.531684	
0.800000	139.974000	-4.044000	282.000000	-1.104000	0.070804	2145.573217	
0.833000	139.974000	-4.044000	281.932000	-10.104000	0.063360	1920.007853	
0.867000	139.974000	-4.044000	280.865000	-19.096000	0.063768	1875.526119	
0.900000	139.974000	-4.044000	279.791000	-29.088000	0.070810	2145.745787	
0.933000	139.974000	-4.044000	276.716000	-39.066000	0.073488	2226.895770	
0.967000	139.974000	-4.044000	274.642000	-49.050000	0.071802	2111.829631	
1.000000	139.974000	-4.044000	270.560000	-60.020000	0.082430	2497.882708	
1.033000	139.974000	-4.044000	265.485000	-69.983000	0.078772	2387.041708	
1.067000	139.974000	-4.044000	260.411000	-79.945000	0.078607	2311.966956	
1.100000	139.974000	-4.044000	252.344000	-88.885000	0.084363	2556.465443	
1.133000	139.974000	-4.044000	245.269000	-98.833000	0.086236	2613.200139	
1.167000	139.974000	-4.044000	236.202000	-107.765000	0.089917	2644.611719	
1.200000	139.974000	-4.044000	227.143000	-115.698000	0.085076	2578.053181	
1.233000	139.974000	-4.044000	215.091000	-122.608000	0.098137	2973.838822	
1.267000	139.974000	-4.044000	204.032000	-130.526000	0.095927	2821.379974	
1.300000	139.974000	-4.044000	190.995000	-135.429000	0.098394	2981.645838	
1.333000	139.974000	-4.044000	177.965000	-139.331000	0.096641	2928.501933	
1.367000	139.974000	-4.044000	163.936000	-143.227000	0.103276	3037.540924	
1.400000	139.974000	-4.044000	147.929000	-144.107000	0.113756	3447.139204	
1.433000	139.974000	-4.044000	132.922000	-144.995000	0.106725	3234.085042	
1.467000	139.974000	-4.044000	117.937000	-142.884000	0.107419	3159.390879	
1.500000	139.974000	-4.044000	101.960000	-139.764000	0.115684	3505.583192	
1.533000	139.974000	-4.044000	86.998000	-134.652000	0.112240	3401.223380	
1.567000	139.974000	-4.044000	72.050000	-127.541000	0.117513	3456.278143	
1.600000	139.974000	-4.044000	57.118000	-118.429000	0.124042	3758.841799	
1.633000	139.974000	-4.044000	43.208000	-106.325000	0.130809	3963.915000	
1.667000	139.974000	-4.044000	31.298000	-94.236000	0.120380	3540.580528	
1.700000	139.974000	-4.044000	21.417000	-78.162000	0.133999	4060.560777	
1.733000	139.974000	-4.044000	11.537000	-62.087000	0.134272	4068.848945	
1.767000	139.974000	-4.044000	5.664000	-45.043000	0.128176	3769.869936	
1.800000	139.974000	-4.044000	0.806000	-26.006000	0.139754	4234.963014	
1.833000	139.974000	-4.044000	-0.044000	-5.999000	0.142557	4319.906098	
1.867000	139.974000	-4.044000	0.097000	13.000000	0.135214	3976.875257	
1.900000	139.974000	-4.044000	4.246000	32.969000	0.144974	4393.161011	
1.933000	139.974000	-4.044000	10.388000	51.924000	0.141473	4287.052009	
1.967000	139.974000	-4.044000	19.522000	69.856000	0.142604	4194.233773	
2.000000	139.974000	-4.044000	31.656000	87.766000	0.152794	4630.125048	
2.033000	139.974000	-4.044000	46.760000	101.654000	0.144980	4393.336186	
2.067000	139.974000	-4.044000	62.864000	115.534000	0.149972	4410.938066	
2.100000	139.974000	-4.044000	82.938000	125.385000	0.157676	4778.048925	
2.133000	139.974000	-4.044000	102.997000	133.235000	0.151959	4604.830954	
2.167000	139.974000	-4.044000	124.026000	137.078000	0.150581	4428.848309	
2.200000	139.974000	-4.044000	146.033000	137.914000	0.155187	4702.634195	
2.233000	139.974000	-4.044000	167.010000	134.757000	0.149718	4536.907507	
2.267000	139.974000	-4.044000	187.972000	129.601000	0.152425	4483.094519	
2.300000	139.974000	-4.044000	208.905000	120.444000	0.160893	4875.539837	
2.333000	139.974000	-4.044000	226.815000	108.310000	0.152319	4615.741568	
2.367000	139.974000	-4.044000	242.702000	93.191000	0.154850	4554.415957	
2.400000	139.974000	-4.044000	257.575000	76.080000	0.159856	4844.113776	
2.433000	139.974000	-4.044000	268.433000	56.998000	0.154479	4681.170613	
2.467000	139.974000	-4.044000	276.268000	34.939000	0.165017	4853.442236	
2.500000	139.974000	-4.044000	281.104000	12.903000	0.159075	4820.454908	
2.533000	139.974000	-4.044000	281.932000	-10.104000	0.162171	4914.282885	
2.567000	139.974000	-4.044000	278.761000	-33.081000	0.163582	4811.239142	
2.600000	139.974000	-4.044000	272.597000	-55.035000	0.160812	4873.081674	
2.633000	139.974000	-4.044000	261.433000	-76.953000	0.173566	5259.584200	
2.667000	139.974000	-4.044000	246.284000	-96.840000	0.177006	5206.053642	
2.700000	139.974000	-4.044000	229.165000	-112.713000	0.165897	5027.170522	
2.733000	139.974000	-4.044000	209.061000	-126.563000	0.173828	5267.507042	
2.767000	139.974000	-4.044000	184.980000	-137.384000	0.187922	5527.122233	
2.800000	139.974000	-4.044000	159.936000	-143.197000	0.183040	5546.653351	
2.833000	139.974000	-4.044000	132.922000	-144.995000	0.192471	5832.467587	
2.867000	139.974000	-4.044000	105.952000	-140.794000	0.193849	5701.453052	
2.900000	139.974000	-4.044000	80.020000	-131.600000	0.195539	5925.418306	
2.933000	139.974000	-4.044000	56.133000	-116.422000	0.201598	6109.035752	
2.967000	139.974000	-4.044000	35.268000	-98.265000	0.197081	5796.498135	
3.000000	139.974000	-4.044000	17.447000	-74.132000	0.213147	6458.988454	
3.033000	139.974000	-4.044000	5.649000	-47.043000	0.209788	6357.219921	
3.067000	139.974000	-4.044000	-0.119000	-15.999000	0.224674	6608.068081	
3.100000	139.974000	-4.044000	0.104000	14.000000	0.213427	6467.479877	
3.133000	139.974000	-4.044000	6.328000	43.954000	0.216500	6560.594450	
3.167000	139.974000	-4.044000	20.537000	71.849000	0.221263	6507.729128	
3.200000	139.974000	-4.044000	38.715000	95.714000	0.211872	6420.362183	
3.233000	139.974000	-4.044000	63.864000	115.527000	0.226021	6849.108506	
3.267000	139.974000	-4.044000	90.968000	129.325000	0.214712	6315.066348	
3.300000	139.974000	-4.044000	121.019000	136.101000	0.217695	6596.825729	
3.333000	139.974000	-4.044000	152.033000	137.869000	0.219208	6642.664333	
3.367000	139.974000	-4.044000	181.987000	131.646000	0.215492	6338.013195	
3.400000	139.974000	-4.044000	209.897000	119.437000	0.214982	6514.597243	
3.433000	139.974000	-4.044000	233.770000	102.258000	0.207735	6294.995885	
3.467000	139.974000	-4.044000	254.597000	79.102000	0.220255	6478.080409	
3.500000	139.974000	-4.044000	269.410000	53.991000	0.206065	6244.407205	
3.533000	139.974000	-4.044000	279.194000	24.917000	0.216398	6557.514296	
3.567000	139.974000	-4.044000	280.962000	-6.096000	0.219652	6460.341479	
3.600000	139.974000	-4.044000	277.739000	-36.073000	0.213879	6481.172626	
3.633000	139.974000	-4.044000	267.522000	-64.998000	0.217372	6587.034123	
3.667000	139.974000	-4.044000	250.314000	-92.870000	0.231991	6823.256418	
3.700000	139.974000	-4.044000	227.150000	-114.698000	0.225728	6840.253537	
3.733000	139.974000	-4.044000	199.024000	-131.488000	0.233380	7072.135207	
3.767000	139.974000	-4.044000	166.943000	-142.249000	0.241177	7093.431340	
3.800000	139.974000	-4.044000	132.929000	-143.995000	0.243012	7364.014572	
3.833000	139.974000	-4.044000	98.967000	-138.742000	0.245225	7431.075264	
3.867000	139.974000	-4.044000	66.073000	-124.496000	0.254787	7493.738517	
3.900000	139.974000	-4.044000	37.253000	-100.280000	0.267672	8111.285613	
3.933000	139.974000	-4.044000	15.485000	-69.117000	0.271156	8216.850227	
3.967000	139.974000	-4.044000	1.754000	-33.014000	0.275056	8089.880036	
4.000000	139.974000	-4.044000	0.045000	6.000000	0.278259	8432.093995	
4.033000	139.974000	-4.044000	7.336000	44.947000	0.282159	8550.283778	
4.067000	139.974000	-4.044000	26.596000	79.804000	0.282960	8322.346314	
4.100000	139.974000	-4.044000	52.804000	107.609000	0.271146	8216.531350	
4.133000	139.974000	-4.044000	86.953000	127.355000	0.279345	8465.014441	
4.167000	139.974000	-4.044000	125.019000	136.071000	0.277199	8152.900498	
4.200000	139.974000	-4.044000	163.018000	135.787000	0.269662	8171.577961	
4.233000	139.974000	-4.044000	198.942000	125.519000	0.263781	7993.360875	
4.267000	139.974000	-4.044000	229.792000	105.288000	0.260612	7665.051208	
4.300000	139.974000	-4.044000	254.597000	79.102000	0.255511	7742.763102	
4.333000	139.974000	-4.044000	272.358000	46.969000	0.259756	7871.385355	
4.367000	139.974000	-4.044000	281.089000	10.903000	0.262279	7714.078450	
4.400000	139.974000	-4.044000	280.821000	-25.096000	0.253896	7693.818718	
4.433000	139.974000	-4.044000	269.552000	-61.013000	0.265845	8055.910019	
4.467000	139.974000	-4.044000	249.314000	-92.863000	0.267994	7882.174342	
4.500000	139.974000	-4.044000	221.121000	-118.653000	0.272491	8257.315121	
4.533000	139.974000	-4.044000	186.987000	-136.399000	0.274794	8327.090896	
4.567000	139.974000	-4.044000	146.929000	-144.100000	0.291685	8578.977545	
4.600000	139.974000	-4.044000	104.952000	-140.787000	0.300344	9101.334266	
4.633000	139.974000	-4.044000	66.080000	-123.496000	0.303264	9189.810730	
4.667000	139.974000	-4.044000	32.290000	-95.243000	0.314107	9238.447372	
4.700000	139.974000	-4.044000	9.589000	-55.073000	0.329653	9989.489248	
4.733000	139.974000	-4.044000	-0.082000	-10.999000	0.323428	9800.854125	
4.767000	139.974000	-4.044000	5.269000	35.962000	0.338311	9950.315709	
4.800000	139.974000	-4.044000	24.574000	76.819000	0.322516	9773.203814	
4.833000	139.974000	-4.044000	57.827000	110.572000	0.337732	10234.291920	
4.867000	139.974000	-4.044000	98.982000	131.265000	0.327694	9638.065617	
4.900000	139.974000	-4.044000	143.033000	137.936000	0.315704	9566.785051	
4.933000	139.974000	-4.044000	184.980000	130.623000	0.300990	9120.918910	
4.967000	139.974000	-4.044000	222.837000	111.340000	0.300271	8831.506022	
5.000000	139.974000	-4.044000	253.612000	81.110000	0.304911	9239.740728	
5.033000	139.974000	-4.044000	273.343000	44.961000	0.290956	8816.842019	
5.067000	139.974000	-4.044000	281.037000	3.903000	0.295849	8701.428495	
5.100000	139.974000	-4.044000	276.724000	-38.066000	0.300116	9094.434403	
5.133000	139.974000	-4.044000	261.433000	-76.953000	0.296784	8993.442204	
5.167000	139.974000	-4.044000	233.188000	-109.743000	0.307459	9042.917139	
5.200000	139.974000	-4.044000	196.009000	-133.466000	0.314118	9518.722784	
5.233000	139.974000	-4.044000	150.929000	-144.130000	0.330553	10016.766042	
5.267000	139.974000	-4.044000	104.952000	-140.787000	0.328769	9669.682645	
5.300000	139.974000	-4.044000	61.103000	-120.459000	0.344738	10446.609487	
5.333000	139.974000	-4.044000	25.365000	-85.191000	0.359235	10885.907480	
5.367000	139.974000	-4.044000	3.709000	-39.028000	0.364790	10729.111066	
5.400000	139.974000	-4.044000	0.082000	11.000000	0.358436	10861.690961	
5.433000	139.974000	-4.044000	12.425000	56.909000	0.338666	10262.618174	
5.467000	139.974000	-4.044000	40.715000	95.699000	0.342036	10059.867716	
5.500000	139.974000	-4.044000	77.923000	123.422000	0.329931	9997.896392	
5.533000	139.974000	-4.044000	120.019000	136.108000	0.311605	9442.573359	
5.567000	139.974000	-4.044000	162.018000	135.795000	0.297782	8758.303586	
5.600000	139.974000	-4.044000	200.927000	123.504000	0.289446	8771.092450	
5.633000	139.974000	-4.044000	233.770000	102.258000	0.277182	8399.458574	
5.667000	139.974000	-4.044000	258.553000	73.073000	0.271200	7976.475808	
5.700000	139.974000	-4.044000	275.298000	38.947000	0.269011	8151.836596	
5.733000	139.974000	-4.044000	281.022000	1.903000	0.265468	8044.471889	
5.767000	139.974000	-4.044000	278.753000	-34.081000	0.255288	7508.466866	
5.800000	139.974000	-4.044000	266.500000	-67.990000	0.254807	7721.420546	
5.833000	139.974000	-4.044000	245.269000	-98.833000	0.264982	8029.746532	
5.867000	139.974000	-4.044000	217.098000	-121.623000	0.257323	7568.319637	
5.900000	139.974000	-4.044000	184.980000	-137.384000	0.255014	7727.695850	
5.933000	139.974000	-4.044000	148.929000	-144.115000	0.261676	7929.579672	
5.967000	139.974000	-4.044000	111.937000	-142.839000	0.263166	7740.167847	
6.000000	139.974000	-4.044000	77.028000	-130.578000	0.262295	7948.343121	
6.033000	139.974000	-4.044000	47.185000	-109.355000	0.260656	7898.654347	
6.067000	139.974000	-4.044000	22.380000	-83.169000	0.256243	7536.544831	
6.100000	139.974000	-4.044000	6.634000	-49.050000	0.266761	8083.668186	
6.133000	139.974000	-4.044000	-0.097000	-12.999000	0.261676	7929.579672	
6.167000	139.974000	-4.044000	1.172000	22.992000	0.256217	7535.803464	
6.200000	139.974000	-4.044000	12.418000	55.909000	0.246999	7484.828203	
6.233000	139.974000	-4.044000	30.633000	84.774000	0.242826	7358.366121	
6.267000	139.974000	-4.044000	54.804000	107.594000	0.236885	6967.196938	
6.300000	139.974000	-4.044000	82.938000	125.385000	0.236642	7170.982729	
6.333000	139.974000	-4.044000	113.012000	135.160000	0.223753	6780.406534	
6.367000	139.974000	-4.044000	143.033000	137.936000	0.212860	6260.587751	
6.400000	139.974000	-4.044000	171.010000	134.728000	0.198485	6014.688221	
6.433000	139.974000	-4.044000	197.942000	125.526000	0.200653	6080.381523	
6.467000	139.974000	-4.044000	222.837000	111.340000	0.202124	5944.830212	
6.500000	139.974000	-4.044000	243.702000	93.184000	0.194929	5906.933193	
6.533000	139.974000	-4.044000	259.545000	72.065000	0.186226	5643.197733	
6.567000	139.974000	-4.044000	271.366000	47.976000	0.189859	5584.090258	
