Time(ms)	원점 X(cm)	원점 Y(cm)	좌표 X(cm)	좌표 Y(cm)	각(rad)	각속도(rad/s)	
0.000000	141.981000	-3.059000	110.004000	134.183000	0.000000	0.000000	
0.033000	141.981000	-3.059000	112.004000	134.168000	0.013843	419.496810	
0.066000	141.981000	-3.059000	113.012000	135.160000	0.008472	256.741373	
0.100000	141.981000	-3.059000	114.012000	135.153000	0.006931	203.840753	
0.133000	141.981000	-3.059000	116.019000	136.138000	0.015273	462.809738	
0.166000	141.981000	-3.059000	120.019000	136.108000	0.027874	844.677638	
0.200000	141.981000	-3.059000	122.019000	136.093000	0.014037	412.854078	
0.233000	141.981000	-3.059000	126.026000	137.063000	0.029106	881.993796	
0.266000	141.981000	-3.059000	128.026000	137.048000	0.014102	427.325368	
0.300000	141.981000	-3.059000	132.034000	138.019000	0.028884	849.541571	
0.333000	141.981000	-3.059000	136.034000	137.989000	0.028253	856.139782	
0.366000	141.981000	-3.059000	140.033000	137.959000	0.028325	858.334329	
0.400000	141.981000	-3.059000	146.033000	137.914000	0.042548	1251.415937	
0.433000	141.981000	-3.059000	150.033000	137.884000	0.028332	858.553504	
0.466000	141.981000	-3.059000	156.026000	136.839000	0.042992	1302.783547	
0.500000	141.981000	-3.059000	161.025000	136.802000	0.035272	1037.417060	
0.533000	141.981000	-3.059000	166.018000	135.765000	0.036116	1094.423225	
0.566000	141.981000	-3.059000	172.003000	133.720000	0.044619	1352.090266	
0.600000	141.981000	-3.059000	179.995000	132.660000	0.057029	1677.320825	
0.633000	141.981000	-3.059000	185.980000	130.616000	0.044885	1360.140971	
0.666000	141.981000	-3.059000	191.957000	127.571000	0.047417	1436.869789	
0.700000	141.981000	-3.059000	199.942000	125.511000	0.058133	1709.792427	
0.733000	141.981000	-3.059000	205.912000	121.467000	0.050776	1538.675654	
0.766000	141.981000	-3.059000	213.882000	117.407000	0.063799	1933.317744	
0.800000	141.981000	-3.059000	219.852000	113.363000	0.051420	1512.350991	
0.833000	141.981000	-3.059000	227.815000	108.303000	0.067134	2034.358469	
0.866000	141.981000	-3.059000	234.770000	102.251000	0.065617	1988.399386	
0.900000	141.981000	-3.059000	241.717000	95.199000	0.070587	2076.074637	
0.933000	141.981000	-3.059000	247.657000	87.154000	0.071309	2160.893360	
0.966000	141.981000	-3.059000	253.605000	80.110000	0.066278	2008.423881	
1.000000	141.981000	-3.059000	259.538000	71.065000	0.077775	2287.503499	
1.033000	141.981000	-3.059000	265.478000	63.021000	0.071260	2159.379308	
1.066000	141.981000	-3.059000	270.403000	52.984000	0.079827	2418.996796	
1.100000	141.981000	-3.059000	274.321000	41.954000	0.083628	2459.649193	
1.133000	141.981000	-3.059000	277.239000	30.932000	0.081650	2474.239940	
1.166000	141.981000	-3.059000	280.149000	18.910000	0.088524	2682.555609	
1.200000	141.981000	-3.059000	281.059000	6.903000	0.086175	2534.569426	
1.233000	141.981000	-3.059000	281.970000	-5.104000	0.086114	2609.515016	
1.266000	141.981000	-3.059000	280.873000	-18.096000	0.093237	2825.354024	
1.300000	141.981000	-3.059000	278.776000	-31.081000	0.094208	2770.809126	
1.333000	141.981000	-3.059000	275.679000	-44.058000	0.095499	2893.894577	
1.366000	141.981000	-3.059000	271.582000	-57.028000	0.097035	2940.441972	
1.400000	141.981000	-3.059000	265.485000	-69.983000	0.102001	3000.028009	
1.433000	141.981000	-3.059000	258.396000	-81.930000	0.098879	2996.323992	
1.466000	141.981000	-3.059000	250.314000	-92.870000	0.096727	2931.131784	
1.500000	141.981000	-3.059000	240.225000	-104.795000	0.110667	3254.899747	
1.533000	141.981000	-3.059000	228.150000	-114.705000	0.110627	3352.332655	
1.566000	141.981000	-3.059000	215.091000	-122.608000	0.108443	3286.166240	
1.600000	141.981000	-3.059000	201.032000	-130.503000	0.114969	3381.432754	
1.633000	141.981000	-3.059000	185.987000	-136.391000	0.115108	3488.118108	
1.666000	141.981000	-3.059000	169.943000	-142.272000	0.120571	3653.666738	
1.700000	141.981000	-3.059000	153.929000	-144.152000	0.113740	3345.292082	
1.733000	141.981000	-3.059000	135.922000	-145.018000	0.127136	3852.594913	
1.766000	141.981000	-3.059000	117.937000	-142.884000	0.127637	3867.784977	
1.800000	141.981000	-3.059000	99.967000	-138.749000	0.129978	3822.875729	
1.833000	141.981000	-3.059000	82.013000	-132.615000	0.133237	4037.497959	
1.866000	141.981000	-3.059000	66.073000	-124.496000	0.125150	3792.431180	
1.900000	141.981000	-3.059000	50.155000	-113.377000	0.135515	3985.733529	
1.933000	141.981000	-3.059000	36.268000	-98.273000	0.143431	4346.386793	
1.966000	141.981000	-3.059000	23.387000	-82.176000	0.144873	4390.094527	
2.000000	141.981000	-3.059000	13.515000	-65.102000	0.138403	4070.668412	
2.033000	141.981000	-3.059000	5.657000	-46.043000	0.144476	4378.069996	
2.066000	141.981000	-3.059000	0.813000	-25.006000	0.151208	4582.064487	
2.100000	141.981000	-3.059000	-1.022000	-2.992000	0.154701	4550.031528	
2.133000	141.981000	-3.059000	1.142000	18.992000	0.154839	4692.104680	
2.166000	141.981000	-3.059000	6.298000	39.954000	0.151681	4596.401215	
2.200000	141.981000	-3.059000	15.455000	60.886000	0.160961	4734.154299	
2.233000	141.981000	-3.059000	26.604000	80.804000	0.160576	4865.946776	
2.266000	141.981000	-3.059000	41.730000	97.691000	0.159354	4828.909913	
2.300000	141.981000	-3.059000	59.842000	112.557000	0.165213	4859.200265	
2.333000	141.981000	-3.059000	79.923000	123.407000	0.161516	4894.411869	
2.366000	141.981000	-3.059000	101.990000	132.243000	0.168801	5115.181809	
2.400000	141.981000	-3.059000	126.019000	136.063000	0.173152	5092.702050	
2.433000	141.981000	-3.059000	149.033000	137.892000	0.164224	4976.491270	
2.466000	141.981000	-3.059000	172.003000	133.720000	0.166077	5032.622449	
2.500000	141.981000	-3.059000	194.950000	126.549000	0.171906	5056.045426	
2.533000	141.981000	-3.059000	215.867000	115.392000	0.169741	5143.674633	
2.566000	141.981000	-3.059000	235.762000	101.243000	0.174621	5291.536088	
2.600000	141.981000	-3.059000	251.627000	83.125000	0.172304	5067.761182	
2.633000	141.981000	-3.059000	265.478000	63.021000	0.174847	5298.399849	
2.666000	141.981000	-3.059000	275.313000	40.947000	0.172520	5227.885073	
2.700000	141.981000	-3.059000	281.127000	15.903000	0.183351	5392.684618	
2.733000	141.981000	-3.059000	280.947000	-8.096000	0.171670	5202.128943	
2.766000	141.981000	-3.059000	278.753000	-34.081000	0.186811	5660.948677	
2.800000	141.981000	-3.059000	270.575000	-58.020000	0.180859	5319.396849	
2.833000	141.981000	-3.059000	258.411000	-79.930000	0.179635	5443.469885	
2.866000	141.981000	-3.059000	242.254000	-100.810000	0.189127	5731.130343	
2.900000	141.981000	-3.059000	222.121000	-118.660000	0.191954	5645.712345	
2.933000	141.981000	-3.059000	199.017000	-132.488000	0.191108	5791.140642	
2.966000	141.981000	-3.059000	171.950000	-141.287000	0.201567	6108.102093	
3.000000	141.981000	-3.059000	143.929000	-144.078000	0.199691	5873.270942	
3.033000	141.981000	-3.059000	114.937000	-142.861000	0.204898	6209.020640	
3.066000	141.981000	-3.059000	87.998000	-134.660000	0.198185	6005.617389	
3.100000	141.981000	-3.059000	60.103000	-120.451000	0.219759	6463.506330	
3.133000	141.981000	-3.059000	36.253000	-100.273000	0.218297	6615.061888	
3.166000	141.981000	-3.059000	18.447000	-74.139000	0.221344	6707.392108	
3.200000	141.981000	-3.059000	5.657000	-46.043000	0.216685	6373.095858	
3.233000	141.981000	-3.059000	-1.104000	-13.992000	0.229180	6944.840407	
3.266000	141.981000	-3.059000	1.142000	18.992000	0.231569	7017.240031	
3.300000	141.981000	-3.059000	9.373000	49.931000	0.224853	6613.309009	
3.333000	141.981000	-3.059000	25.589000	78.811000	0.232843	7055.847119	
3.366000	141.981000	-3.059000	47.775000	103.646000	0.234526	7106.856942	
3.400000	141.981000	-3.059000	75.916000	122.437000	0.238698	7020.540341	
3.433000	141.981000	-3.059000	106.005000	134.213000	0.228255	6916.804520	
3.466000	141.981000	-3.059000	139.033000	137.966000	0.235413	7133.716326	
3.500000	141.981000	-3.059000	171.018000	135.728000	0.227146	6680.763581	
3.533000	141.981000	-3.059000	200.935000	124.504000	0.226672	6868.842428	
3.566000	141.981000	-3.059000	227.807000	107.303000	0.228064	6911.021945	
3.600000	141.981000	-3.059000	250.642000	85.132000	0.228032	6706.825925	
3.633000	141.981000	-3.059000	267.440000	58.006000	0.228806	6933.522710	
3.666000	141.981000	-3.059000	277.216000	27.932000	0.227703	6900.099084	
3.700000	141.981000	-3.059000	281.977000	-4.104000	0.232739	6845.254451	
3.733000	141.981000	-3.059000	278.739000	-36.081000	0.229464	6953.439459	
3.766000	141.981000	-3.059000	266.508000	-66.990000	0.237375	7193.175939	
3.800000	141.981000	-3.059000	248.307000	-93.855000	0.232474	6837.476272	
3.833000	141.981000	-3.059000	224.128000	-117.675000	0.242163	7338.281292	
3.866000	141.981000	-3.059000	194.002000	-134.451000	0.244870	7420.307560	
3.900000	141.981000	-3.059000	159.936000	-143.197000	0.249557	7339.899427	
3.933000	141.981000	-3.059000	122.929000	-143.921000	0.261867	7935.351131	
3.966000	141.981000	-3.059000	87.990000	-135.660000	0.252234	7643.454220	
4.000000	141.981000	-3.059000	54.133000	-116.407000	0.272657	8019.327442	
4.033000	141.981000	-3.059000	27.343000	-88.206000	0.272625	8261.370792	
4.066000	141.981000	-3.059000	7.612000	-52.058000	0.289168	8762.667779	
4.100000	141.981000	-3.059000	-1.089000	-11.992000	0.287318	8450.522890	
4.133000	141.981000	-3.059000	2.209000	27.984000	0.280907	8512.334185	
4.166000	141.981000	-3.059000	17.492000	65.871000	0.287132	8700.974632	
4.200000	141.981000	-3.059000	43.738000	98.676000	0.297176	8740.474627	
4.233000	141.981000	-3.059000	75.916000	122.437000	0.283370	8586.962977	
4.266000	141.981000	-3.059000	114.012000	135.153000	0.284902	8633.380742	
4.300000	141.981000	-3.059000	154.026000	136.854000	0.285544	8398.357310	
4.333000	141.981000	-3.059000	191.965000	128.571000	0.277035	8394.985253	
4.366000	141.981000	-3.059000	224.830000	110.325000	0.268118	8124.797208	
4.400000	141.981000	-3.059000	252.620000	82.117000	0.283678	8343.478733	
4.433000	141.981000	-3.059000	271.381000	49.976000	0.267116	8094.431245	
4.466000	141.981000	-3.059000	281.112000	13.903000	0.267656	8110.797443	
4.500000	141.981000	-3.059000	280.828000	-24.096000	0.271684	7990.695556	
4.533000	141.981000	-3.059000	270.552000	-61.020000	0.273158	8277.523621	
4.566000	141.981000	-3.059000	249.306000	-93.863000	0.278679	8444.813150	
4.600000	141.981000	-3.059000	219.106000	-120.638000	0.288050	8472.051765	
4.633000	141.981000	-3.059000	182.973000	-138.369000	0.286381	8678.215500	
4.666000	141.981000	-3.059000	141.929000	-144.063000	0.294529	8925.111654	
4.700000	141.981000	-3.059000	98.960000	-139.742000	0.304565	8957.787145	
4.733000	141.981000	-3.059000	58.110000	-119.436000	0.319540	9683.018107	
4.766000	141.981000	-3.059000	26.357000	-86.199000	0.322923	9785.541256	
4.800000	141.981000	-3.059000	4.672000	-44.036000	0.333385	9805.451478	
4.833000	141.981000	-3.059000	-0.962000	5.007000	0.346383	10496.463038	
4.866000	141.981000	-3.059000	9.388000	51.931000	0.336770	10205.139431	
4.900000	141.981000	-3.059000	35.686000	91.736000	0.335134	9856.886822	
4.933000	141.981000	-3.059000	73.901000	120.452000	0.338756	10265.322412	
4.966000	141.981000	-3.059000	118.019000	136.123000	0.333277	10099.300343	
5.000000	141.981000	-3.059000	163.018000	135.787000	0.320861	9437.094739	
5.033000	141.981000	-3.059000	204.912000	121.474000	0.317538	9622.355507	
5.066000	141.981000	-3.059000	239.725000	96.214000	0.309730	9385.767515	
5.100000	141.981000	-3.059000	265.470000	62.021000	0.308137	9062.852045	
5.133000	141.981000	-3.059000	280.164000	20.910000	0.313272	9493.100600	
5.166000	141.981000	-3.059000	280.850000	-21.096000	0.300911	9118.526757	
5.200000	141.981000	-3.059000	268.537000	-63.005000	0.313202	9211.827056	
5.233000	141.981000	-3.059000	244.262000	-99.825000	0.315334	9555.581611	
5.266000	141.981000	-3.059000	208.061000	-126.556000	0.321787	9751.114433	
5.300000	141.981000	-3.059000	164.943000	-142.234000	0.327798	9641.112374	
5.333000	141.981000	-3.059000	116.930000	-143.876000	0.339569	10289.976797	
5.366000	141.981000	-3.059000	70.058000	-126.526000	0.351418	10649.022119	
5.400000	141.981000	-3.059000	31.305000	-93.236000	0.359632	10577.419375	
5.433000	141.981000	-3.059000	6.642000	-48.050000	0.362752	10992.471770	
5.466000	141.981000	-3.059000	-0.970000	4.007000	0.370328	11222.071699	
5.500000	141.981000	-3.059000	11.403000	53.916000	0.362038	10648.177199	
5.533000	141.981000	-3.059000	38.700000	93.714000	0.341451	10347.001923	
5.566000	141.981000	-3.059000	77.916000	122.422000	0.345862	10480.657505	
5.600000	141.981000	-3.059000	121.019000	136.101000	0.322548	9486.702154	
5.633000	141.981000	-3.059000	165.018000	135.772000	0.313946	9513.502688	
5.666000	141.981000	-3.059000	204.912000	121.474000	0.303470	9196.060349	
5.700000	141.981000	-3.059000	237.740000	98.229000	0.289439	8512.911434	
5.733000	141.981000	-3.059000	262.508000	67.043000	0.286648	8686.309420	
5.766000	141.981000	-3.059000	277.246000	31.932000	0.273666	8292.913380	
5.800000	141.981000	-3.059000	281.947000	-8.104000	0.289165	8504.841660	
5.833000	141.981000	-3.059000	275.679000	-44.058000	0.261521	7924.881677	
5.866000	141.981000	-3.059000	260.418000	-78.945000	0.272280	8250.912092	
5.900000	141.981000	-3.059000	236.202000	-107.765000	0.268227	7889.033756	
5.933000	141.981000	-3.059000	204.039000	-129.526000	0.276555	8380.456010	
5.966000	141.981000	-3.059000	167.943000	-142.257000	0.271791	8236.103268	
6.000000	141.981000	-3.059000	128.929000	-143.966000	0.276758	8139.928424	
6.033000	141.981000	-3.059000	90.990000	-135.682000	0.274692	8323.990842	
6.066000	141.981000	-3.059000	58.118000	-118.437000	0.261466	7923.211447	
6.100000	141.981000	-3.059000	29.328000	-90.221000	0.283763	8345.976089	
6.133000	141.981000	-3.059000	10.574000	-57.080000	0.268475	8135.597199	
6.166000	141.981000	-3.059000	-0.141000	-18.999000	0.278345	8434.710705	
6.200000	141.981000	-3.059000	1.142000	18.992000	0.266998	7852.893269	
6.233000	141.981000	-3.059000	11.403000	53.916000	0.256119	7761.193205	
6.266000	141.981000	-3.059000	30.641000	85.774000	0.262003	7939.494853	
6.300000	141.981000	-3.059000	57.827000	110.572000	0.259914	7644.531971	
