Time(ms)	원점 X(cm)	원점 Y(cm)	좌표 X(cm)	좌표 Y(cm)	각(rad)	각속도(rad/s)	
0.000000	138.989000	-2.037000	189.965000	128.586000	0.000000	0.000000	
0.034000	138.989000	-2.037000	191.965000	128.571000	0.013258	389.948765	
0.067000	138.989000	-2.037000	193.957000	127.556000	0.015824	479.516923	
0.100000	138.989000	-2.037000	193.957000	127.556000	0.000000	0.000000	
0.134000	138.989000	-2.037000	196.950000	126.534000	0.022369	657.907858	
0.167000	138.989000	-2.037000	199.942000	125.511000	0.022271	674.882489	
0.200000	138.989000	-2.037000	201.935000	124.497000	0.015818	479.339803	
0.234000	138.989000	-2.037000	204.920000	122.474000	0.025367	746.097246	
0.267000	138.989000	-2.037000	207.905000	120.452000	0.025505	772.876737	
0.300000	138.989000	-2.037000	211.897000	119.422000	0.028129	852.379920	
0.334000	138.989000	-2.037000	214.875000	116.400000	0.029213	859.212720	
0.367000	138.989000	-2.037000	217.860000	114.377000	0.025638	776.912694	
0.400000	138.989000	-2.037000	223.837000	111.333000	0.047019	1424.813198	
0.434000	138.989000	-2.037000	227.815000	108.303000	0.035308	1038.468362	
0.467000	138.989000	-2.037000	231.792000	105.273000	0.035236	1067.750751	
0.500000	138.989000	-2.037000	235.762000	101.243000	0.039853	1207.652361	
0.534000	138.989000	-2.037000	240.725000	96.206000	0.049980	1469.999271	
0.567000	138.989000	-2.037000	245.687000	91.169000	0.049925	1512.882925	
0.600000	138.989000	-2.037000	249.657000	87.139000	0.039742	1204.301119	
0.634000	138.989000	-2.037000	253.612000	81.110000	0.050699	1491.138186	
0.667000	138.989000	-2.037000	257.567000	75.080000	0.050947	1543.857745	
0.700000	138.989000	-2.037000	263.508000	67.035000	0.070167	2126.287433	
0.734000	138.989000	-2.037000	266.463000	61.013000	0.047126	1386.049668	
0.767000	138.989000	-2.037000	270.403000	52.984000	0.062818	1903.565490	
0.800000	138.989000	-2.037000	273.343000	44.961000	0.060006	1818.367283	
0.834000	138.989000	-2.037000	276.276000	35.939000	0.066634	1959.812283	
0.867000	138.989000	-2.037000	279.209000	26.917000	0.066242	2007.320001	
0.900000	138.989000	-2.037000	281.134000	16.903000	0.071164	2156.482361	
0.934000	138.989000	-2.037000	281.059000	6.903000	0.069620	2047.650364	
0.967000	138.989000	-2.037000	281.985000	-3.104000	0.070305	2130.468886	
1.000000	138.989000	-2.037000	280.910000	-13.096000	0.070305	2130.450823	
1.034000	138.989000	-2.037000	280.835000	-23.096000	0.069621	2047.669251	
1.067000	138.989000	-2.037000	278.746000	-35.081000	0.084788	2569.331407	
1.100000	138.989000	-2.037000	275.664000	-46.058000	0.079418	2406.611084	
1.134000	138.989000	-2.037000	271.582000	-57.028000	0.081551	2398.558915	
1.167000	138.989000	-2.037000	266.500000	-67.990000	0.084195	2551.365541	
1.200000	138.989000	-2.037000	260.418000	-78.945000	0.087247	2643.861273	
1.234000	138.989000	-2.037000	253.344000	-88.893000	0.084985	2499.568699	
1.267000	138.989000	-2.037000	245.269000	-98.833000	0.089158	2701.762977	
1.300000	138.989000	-2.037000	236.195000	-108.765000	0.093326	2828.045728	
1.334000	138.989000	-2.037000	224.136000	-116.675000	0.099898	2938.165874	
1.367000	138.989000	-2.037000	213.076000	-124.593000	0.095110	2882.113201	
1.400000	138.989000	-2.037000	200.024000	-131.496000	0.103175	3126.527319	
1.434000	138.989000	-2.037000	185.980000	-137.391000	0.106405	3129.566335	
1.467000	138.989000	-2.037000	171.950000	-141.287000	0.101726	3082.620929	
1.500000	138.989000	-2.037000	155.928000	-144.167000	0.113806	3448.661594	
1.534000	138.989000	-2.037000	139.921000	-145.048000	0.112103	3297.153787	
1.567000	138.989000	-2.037000	123.929000	-143.928000	0.112259	3401.782291	
1.600000	138.989000	-2.037000	105.945000	-141.794000	0.126433	3831.310612	
1.634000	138.989000	-2.037000	90.983000	-136.682000	0.110312	3244.465813	
1.667000	138.989000	-2.037000	74.035000	-129.556000	0.128626	3897.765681	
1.700000	138.989000	-2.037000	60.110000	-119.451000	0.120436	3649.586835	
1.734000	138.989000	-2.037000	45.193000	-108.340000	0.131426	3865.460624	
1.767000	138.989000	-2.037000	32.298000	-94.243000	0.135121	4094.580336	
1.800000	138.989000	-2.037000	20.402000	-80.154000	0.130211	3945.785858	
1.834000	138.989000	-2.037000	11.537000	-62.087000	0.142180	4181.769929	
1.867000	138.989000	-2.037000	5.671000	-44.043000	0.135074	4093.152478	
1.900000	138.989000	-2.037000	0.821000	-24.006000	0.147553	4471.291515	
1.934000	138.989000	-2.037000	-1.029000	-3.992000	0.143721	4227.074149	
1.967000	138.989000	-2.037000	1.134000	17.992000	0.158242	4795.222905	
2.000000	138.989000	-2.037000	5.283000	37.962000	0.146402	4436.419964	
2.034000	138.989000	-2.037000	12.432000	57.909000	0.151678	4461.127787	
2.067000	138.989000	-2.037000	24.566000	75.819000	0.155105	4700.140337	
2.100000	138.989000	-2.037000	38.700000	93.714000	0.164788	4993.586436	
2.134000	138.989000	-2.037000	54.812000	108.594000	0.158114	4650.407642	
2.167000	138.989000	-2.037000	72.901000	120.459000	0.155674	4717.379958	
2.200000	138.989000	-2.037000	93.975000	130.302000	0.166890	5057.258630	
2.234000	138.989000	-2.037000	115.012000	135.145000	0.154831	4553.850106	
2.267000	138.989000	-2.037000	138.033000	137.974000	0.166207	5036.563681	
2.300000	138.989000	-2.037000	160.018000	135.810000	0.158214	4794.362020	
2.334000	138.989000	-2.037000	181.987000	131.646000	0.159805	4700.154001	
2.367000	138.989000	-2.037000	203.927000	123.482000	0.166245	5037.712220	
2.400000	138.989000	-2.037000	223.837000	111.333000	0.165051	5001.553397	
2.434000	138.989000	-2.037000	241.717000	95.199000	0.170369	5010.858387	
2.467000	138.989000	-2.037000	256.590000	78.087000	0.159861	4844.269364	
2.500000	138.989000	-2.037000	267.440000	58.006000	0.160818	4873.275474	
2.534000	138.989000	-2.037000	276.276000	35.939000	0.167392	4923.284938	
2.567000	138.989000	-2.037000	281.097000	11.903000	0.172088	5214.784299	
2.600000	138.989000	-2.037000	280.918000	-12.096000	0.168537	5107.173556	
2.634000	138.989000	-2.037000	278.739000	-36.081000	0.168197	4946.971984	
2.667000	138.989000	-2.037000	270.560000	-60.020000	0.176139	5337.540017	
2.700000	138.989000	-2.037000	258.396000	-81.930000	0.174581	5290.346704	
2.734000	138.989000	-2.037000	242.254000	-100.810000	0.173496	5102.821206	
2.767000	138.989000	-2.037000	222.121000	-118.660000	0.188345	5707.429097	
2.800000	138.989000	-2.037000	200.017000	-132.496000	0.181730	5506.966632	
2.834000	138.989000	-2.037000	173.958000	-140.302000	0.189835	5583.369590	
2.867000	138.989000	-2.037000	146.929000	-144.100000	0.191886	5814.718437	
2.900000	138.989000	-2.037000	118.930000	-143.891000	0.196307	5948.703296	
2.934000	138.989000	-2.037000	90.983000	-136.682000	0.202012	5941.541598	
2.967000	138.989000	-2.037000	64.080000	-123.481000	0.210208	6369.936109	
3.000000	138.989000	-2.037000	41.223000	-104.310000	0.210176	6368.983698	
3.034000	138.989000	-2.037000	22.402000	-80.169000	0.217507	6397.278218	
3.067000	138.989000	-2.037000	8.604000	-53.065000	0.217378	6587.212578	
3.100000	138.989000	-2.037000	0.836000	-22.006000	0.229491	6954.273605	
3.134000	138.989000	-2.037000	0.075000	10.000000	0.229983	6764.214488	
3.167000	138.989000	-2.037000	4.276000	36.969000	0.195406	5921.406737	
3.200000	138.989000	-2.037000	17.492000	65.871000	0.227830	6903.943626	
3.234000	138.989000	-2.037000	36.686000	91.729000	0.232213	6829.807453	
3.267000	138.989000	-2.037000	60.842000	112.549000	0.230372	6980.980494	
3.300000	138.989000	-2.037000	89.960000	128.332000	0.238823	7237.063655	
3.334000	138.989000	-2.037000	121.019000	136.101000	0.230355	6775.151794	
3.367000	138.989000	-2.037000	156.026000	136.839000	0.251429	7619.051876	
3.400000	138.989000	-2.037000	185.980000	130.616000	0.218379	6617.553031	
3.434000	138.989000	-2.037000	213.882000	117.407000	0.219599	6458.788430	
3.467000	138.989000	-2.037000	238.732000	97.221000	0.227789	6902.709693	
3.500000	138.989000	-2.037000	257.553000	73.080000	0.218232	6613.099868	
3.534000	138.989000	-2.037000	273.351000	45.961000	0.221628	6518.481808	
3.567000	138.989000	-2.037000	281.127000	15.903000	0.217549	6592.388855	
3.600000	138.989000	-2.037000	280.895000	-15.096000	0.217319	6585.415882	
3.634000	138.989000	-2.037000	274.664000	-46.050000	0.221922	6527.120149	
3.667000	138.989000	-2.037000	261.448000	-74.953000	0.223365	6768.622389	
3.700000	138.989000	-2.037000	242.254000	-100.810000	0.226115	6851.955205	
3.734000	138.989000	-2.037000	216.091000	-122.615000	0.238714	7021.013555	
3.767000	138.989000	-2.037000	185.980000	-137.391000	0.234761	7113.970920	
3.800000	138.989000	-2.037000	151.929000	-144.137000	0.243340	7373.947678	
3.834000	138.989000	-2.037000	115.937000	-142.869000	0.253058	7442.875721	
3.867000	138.989000	-2.037000	81.013000	-132.608000	0.255623	7746.162652	
3.900000	138.989000	-2.037000	50.163000	-112.377000	0.259926	7876.544518	
3.934000	138.989000	-2.037000	24.372000	-84.184000	0.271149	7974.980351	
3.967000	138.989000	-2.037000	6.634000	-49.050000	0.280549	8501.480783	
4.000000	138.989000	-2.037000	-0.074000	-9.999000	0.284111	8609.424216	
4.034000	138.989000	-2.037000	3.224000	29.977000	0.288766	8493.130032	
4.067000	138.989000	-2.037000	18.507000	67.864000	0.294143	8913.415341	
4.100000	138.989000	-2.037000	42.738000	98.684000	0.282371	8556.694205	
4.134000	138.989000	-2.037000	74.908000	121.444000	0.284013	8353.312880	
4.167000	138.989000	-2.037000	113.012000	135.160000	0.291570	8835.458464	
4.200000	138.989000	-2.037000	152.033000	137.869000	0.280091	8487.605773	
4.234000	138.989000	-2.037000	187.972000	129.601000	0.263264	7743.054138	
4.267000	138.989000	-2.037000	221.845000	112.348000	0.270660	8201.815451	
4.300000	138.989000	-2.037000	249.657000	87.139000	0.265641	8049.735263	
4.334000	138.989000	-2.037000	269.418000	54.991000	0.266079	7825.848092	
4.367000	138.989000	-2.037000	280.156000	19.910000	0.257954	7816.774883	
4.400000	138.989000	-2.037000	280.880000	-17.096000	0.259969	7877.835852	
4.434000	138.989000	-2.037000	272.612000	-53.035000	0.258858	7613.475708	
4.467000	138.989000	-2.037000	254.359000	-86.900000	0.269610	8170.007834	
4.500000	138.989000	-2.037000	228.150000	-114.705000	0.267142	8095.219834	
4.534000	138.989000	-2.037000	193.002000	-134.444000	0.282125	8297.807954	
4.567000	138.989000	-2.037000	153.929000	-144.152000	0.282584	8563.145482	
4.600000	138.989000	-2.037000	111.945000	-141.839000	0.295826	8964.431184	
4.634000	138.989000	-2.037000	72.058000	-126.541000	0.302174	8887.463972	
4.667000	138.989000	-2.037000	36.260000	-99.273000	0.319602	9684.923362	
4.700000	138.989000	-2.037000	11.544000	-61.087000	0.324046	9819.566693	
4.734000	138.989000	-2.037000	-1.111000	-14.992000	0.341682	10049.473866	
4.767000	138.989000	-2.037000	4.239000	31.969000	0.339409	10285.135519	
4.800000	138.989000	-2.037000	22.567000	75.834000	0.342323	10373.434202	
4.834000	138.989000	-2.037000	54.812000	108.594000	0.330842	9730.660852	
4.867000	138.989000	-2.037000	95.982000	131.287000	0.338391	10254.285641	
4.900000	138.989000	-2.037000	140.033000	137.959000	0.319494	9681.645419	
4.934000	138.989000	-2.037000	183.987000	131.631000	0.317266	9331.364964	
4.967000	138.989000	-2.037000	222.837000	111.340000	0.312056	9456.245257	
5.000000	138.989000	-2.037000	253.620000	82.110000	0.300790	9114.845572	
5.034000	138.989000	-2.037000	273.343000	44.961000	0.296724	8727.165602	
5.067000	138.989000	-2.037000	281.037000	3.903000	0.294711	8930.623352	
5.100000	138.989000	-2.037000	276.716000	-39.066000	0.304440	9225.442024	
5.134000	138.989000	-2.037000	260.426000	-77.945000	0.296011	8706.197178	
5.167000	138.989000	-2.037000	232.180000	-110.735000	0.303399	9193.920898	
5.200000	138.989000	-2.037000	193.002000	-134.444000	0.321414	9739.816256	
5.234000	138.989000	-2.037000	147.929000	-144.107000	0.324481	9543.569036	
5.267000	138.989000	-2.037000	100.967000	-138.757000	0.334091	10123.968818	
5.300000	138.989000	-2.037000	56.133000	-116.422000	0.355642	10777.028023	
5.334000	138.989000	-2.037000	21.402000	-80.161000	0.357480	10514.126511	
5.367000	138.989000	-2.037000	1.754000	-33.014000	0.364425	11043.186717	
5.400000	138.989000	-2.037000	0.134000	17.999000	0.365307	11069.912804	
5.434000	138.989000	-2.037000	16.485000	64.879000	0.356643	10489.497189	
5.467000	138.989000	-2.037000	46.760000	101.654000	0.343887	10420.813054	
5.500000	138.989000	-2.037000	85.953000	127.362000	0.337980	10241.831813	
5.534000	138.989000	-2.037000	130.034000	138.033000	0.325135	9562.806578	
5.567000	138.989000	-2.037000	172.010000	134.720000	0.300768	9114.183322	
5.600000	138.989000	-2.037000	209.897000	119.437000	0.291448	8831.746175	
5.634000	138.989000	-2.037000	241.717000	95.199000	0.284486	8367.234093	
5.667000	138.989000	-2.037000	264.478000	63.028000	0.279609	8472.995702	
5.700000	138.989000	-2.037000	278.216000	27.925000	0.266362	8071.562083	
5.734000	138.989000	-2.037000	280.940000	-9.096000	0.261657	7695.800359	
5.767000	138.989000	-2.037000	274.664000	-46.050000	0.264002	8000.055372	
5.800000	138.989000	-2.037000	259.411000	-79.938000	0.260504	7894.048329	
5.834000	138.989000	-2.037000	235.195000	-108.758000	0.262976	7734.576674	
5.867000	138.989000	-2.037000	205.047000	-128.533000	0.252367	7647.491504	
5.900000	138.989000	-2.037000	168.943000	-142.264000	0.270813	8206.443409	
5.934000	138.989000	-2.037000	131.929000	-143.988000	0.260142	7651.249204	
5.967000	138.989000	-2.037000	94.982000	-136.712000	0.266132	8064.618656	
6.000000	138.989000	-2.037000	61.103000	-120.459000	0.265941	8058.829534	
6.034000	138.989000	-2.037000	33.298000	-94.251000	0.271623	7988.917796	
6.067000	138.989000	-2.037000	11.530000	-63.087000	0.270716	8203.519719	
6.100000	138.989000	-2.037000	1.798000	-27.014000	0.266601	8078.819417	
6.134000	138.989000	-2.037000	0.075000	10.000000	0.266522	7838.895685	
6.167000	138.989000	-2.037000	8.336000	44.939000	0.258720	7840.011382	
6.200000	138.989000	-2.037000	24.574000	76.819000	0.258293	7827.048420	
