Time(ms)	원점 X(cm)	원점 Y(cm)	좌표 X(cm)	좌표 Y(cm)	각(rad)	각속도(rad/s)	
0.000000	135.026000	2.992000	-5.126000	-16.962000	0.000000	0.000000	
0.034000	135.026000	2.992000	-5.119000	-15.962000	0.006994	205.693376	
0.067000	135.026000	2.992000	-5.111000	-14.962000	0.007007	212.322138	
0.100000	135.026000	2.992000	-6.096000	-12.954000	0.014906	451.701359	
0.134000	135.026000	2.992000	-5.081000	-10.962000	0.013249	389.683350	
0.167000	135.026000	2.992000	-6.066000	-8.954000	0.014801	448.522641	
0.200000	135.026000	2.992000	-6.037000	-4.955000	0.028190	854.232185	
0.234000	135.026000	2.992000	-6.014000	-1.955000	0.021216	624.007667	
0.267000	135.026000	2.992000	-5.984000	2.045000	0.028345	858.940845	
0.300000	135.026000	2.992000	-5.947000	7.045000	0.035458	1074.484956	
0.334000	135.026000	2.992000	-5.910000	12.044000	0.035397	1041.099009	
0.367000	135.026000	2.992000	-4.858000	19.037000	0.050063	1517.074267	
0.400000	135.026000	2.992000	-3.820000	24.029000	0.036166	1095.952181	
0.434000	135.026000	2.992000	-1.776000	30.014000	0.044646	1313.129905	
0.467000	135.026000	2.992000	-1.716000	38.014000	0.055712	1688.239844	
0.500000	135.026000	2.992000	0.336000	44.999000	0.051591	1563.372618	
0.534000	135.026000	2.992000	4.388000	51.969000	0.056369	1657.921237	
0.567000	135.026000	2.992000	6.448000	59.954000	0.058342	1767.930046	
0.600000	135.026000	2.992000	10.507000	67.923000	0.063633	1928.285477	
0.634000	135.026000	2.992000	16.567000	75.878000	0.070919	2085.849276	
0.667000	135.026000	2.992000	21.641000	85.841000	0.079444	2407.383290	
0.700000	135.026000	2.992000	28.686000	91.788000	0.064707	1960.806608	
0.734000	135.026000	2.992000	36.760000	101.729000	0.092056	2707.537446	
0.767000	135.026000	2.992000	44.805000	107.669000	0.071646	2171.082935	
0.800000	135.026000	2.992000	52.864000	115.609000	0.081064	2456.494852	
0.834000	135.026000	2.992000	62.909000	121.534000	0.083749	2463.191859	
0.867000	135.026000	2.992000	74.953000	127.444000	0.096837	2934.440985	
0.900000	135.026000	2.992000	86.998000	133.354000	0.096723	2930.985511	
0.934000	135.026000	2.992000	99.027000	137.265000	0.091047	2677.845568	
0.967000	135.026000	2.992000	113.042000	139.160000	0.101876	3087.166534	
1.000000	135.026000	2.992000	128.056000	141.048000	0.109623	3321.894028	
1.034000	135.026000	2.992000	143.056000	140.936000	0.108590	3193.833449	
1.067000	135.026000	2.992000	158.055000	140.824000	0.107405	3254.685217	
1.100000	135.026000	2.992000	173.025000	136.713000	0.111317	3373.238942	
1.134000	135.026000	2.992000	187.995000	132.601000	0.111101	3267.687238	
1.167000	135.026000	2.992000	202.935000	124.489000	0.121708	3688.133309	
1.200000	135.026000	2.992000	216.875000	116.385000	0.115541	3501.243467	
1.234000	135.026000	2.992000	230.792000	105.281000	0.127256	3742.825395	
1.267000	135.026000	2.992000	242.695000	92.191000	0.126469	3832.387314	
1.300000	135.026000	2.992000	253.590000	78.110000	0.127118	3852.062409	
1.334000	135.026000	2.992000	262.478000	63.043000	0.124420	3659.398250	
1.367000	135.026000	2.992000	269.343000	44.991000	0.137261	4159.429510	
1.400000	135.026000	2.992000	274.209000	26.954000	0.132563	4017.075488	
1.434000	135.026000	2.992000	276.059000	6.940000	0.142504	4191.305069	
1.467000	135.026000	2.992000	275.910000	-13.059000	0.141428	4285.685039	
1.500000	135.026000	2.992000	272.761000	-33.036000	0.142401	4315.184093	
1.534000	135.026000	2.992000	266.612000	-52.991000	0.146408	4306.102974	
1.567000	135.026000	2.992000	256.478000	-70.915000	0.144417	4376.266824	
1.600000	135.026000	2.992000	244.344000	-88.825000	0.151939	4604.202961	
1.634000	135.026000	2.992000	229.225000	-104.713000	0.153586	4517.243707	
1.667000	135.026000	2.992000	211.121000	-118.578000	0.159333	4828.261142	
1.700000	135.026000	2.992000	189.032000	-130.414000	0.174613	5291.317909	
1.734000	135.026000	2.992000	166.980000	-137.249000	0.160632	4724.480491	
1.767000	135.026000	2.992000	141.951000	-141.063000	0.175991	5333.063979	
1.800000	135.026000	2.992000	115.959000	-139.869000	0.180716	5476.249232	
1.834000	135.026000	2.992000	90.005000	-133.675000	0.185544	5457.181716	
1.867000	135.026000	2.992000	66.088000	-122.496000	0.184126	5579.567089	
1.900000	135.026000	2.992000	43.208000	-106.325000	0.196264	5947.401090	
1.934000	135.026000	2.992000	23.358000	-86.176000	0.198349	5833.801394	
1.967000	135.026000	2.992000	8.545000	-61.065000	0.205033	6213.120925	
2.000000	135.026000	2.992000	-2.253000	-33.984000	0.205693	6233.134651	
2.034000	135.026000	2.992000	-6.029000	-3.955000	0.213895	6291.020613	
2.067000	135.026000	2.992000	-3.790000	28.029000	0.227653	6898.580867	
2.100000	135.026000	2.992000	6.425000	56.954000	0.218852	6631.879716	
2.134000	135.026000	2.992000	20.626000	83.848000	0.217969	6410.861672	
2.167000	135.026000	2.992000	42.805000	107.684000	0.233382	7072.189768	
2.200000	135.026000	2.992000	68.938000	125.489000	0.227399	6890.864877	
2.234000	135.026000	2.992000	99.027000	137.265000	0.232809	6847.312641	
2.267000	135.026000	2.992000	130.064000	142.033000	0.226271	6856.689425	
2.300000	135.026000	2.992000	161.048000	139.802000	0.223632	6776.737986	
2.334000	135.026000	2.992000	191.972000	129.571000	0.234798	6905.828064	
2.367000	135.026000	2.992000	218.860000	114.370000	0.222467	6741.432575	
2.400000	135.026000	2.992000	241.702000	93.199000	0.223627	6776.573859	
2.434000	135.026000	2.992000	260.508000	67.058000	0.229884	6761.308100	
2.467000	135.026000	2.992000	271.283000	36.977000	0.227628	6897.822063	
2.500000	135.026000	2.992000	277.045000	4.933000	0.230765	6992.874100	
2.534000	135.026000	2.992000	273.798000	-28.043000	0.233686	6873.121712	
2.567000	135.026000	2.992000	263.567000	-58.968000	0.229145	6943.782775	
2.600000	135.026000	2.992000	245.351000	-87.833000	0.239593	7260.391859	
2.634000	135.026000	2.992000	221.173000	-111.653000	0.237627	6989.027620	
2.667000	135.026000	2.992000	191.039000	-129.429000	0.244243	7401.313567	
2.700000	135.026000	2.992000	156.966000	-139.175000	0.247051	7486.390003	
2.734000	135.026000	2.992000	117.959000	-139.884000	0.272007	8000.220245	
2.767000	135.026000	2.992000	81.028000	-130.608000	0.265212	8036.722906	
2.800000	135.026000	2.992000	47.178000	-110.355000	0.275231	8340.326906	
2.834000	135.026000	2.992000	19.402000	-80.147000	0.288069	8472.622880	
2.867000	135.026000	2.992000	0.687000	-42.006000	0.300182	9096.426121	
2.900000	135.026000	2.992000	-5.999000	0.045000	0.302319	9161.169543	
2.934000	135.026000	2.992000	0.328000	43.999000	0.316416	9306.354074	
2.967000	135.026000	2.992000	20.619000	82.848000	0.313860	9510.904244	
3.000000	135.026000	2.992000	50.849000	113.624000	0.310990	9423.947268	
3.034000	135.026000	2.992000	87.998000	133.347000	0.304188	8946.713461	
3.067000	135.026000	2.992000	130.064000	142.033000	0.310564	9411.021734	
3.100000	135.026000	2.992000	171.033000	137.728000	0.296811	8994.266972	
3.134000	135.026000	2.992000	208.912000	121.444000	0.296571	8722.670937	
3.167000	135.026000	2.992000	239.717000	95.214000	0.290927	8815.959604	
3.200000	135.026000	2.992000	262.470000	62.043000	0.288261	8735.187879	
3.234000	135.026000	2.992000	275.186000	23.947000	0.285491	8396.781272	
3.267000	135.026000	2.992000	275.880000	-17.059000	0.289811	8782.166192	
3.300000	135.026000	2.992000	264.582000	-56.976000	0.292105	8851.652332	
3.334000	135.026000	2.992000	242.329000	-90.810000	0.284857	8378.150139	
3.367000	135.026000	2.992000	210.114000	-119.571000	0.302764	9174.663453	
3.400000	135.026000	2.992000	168.988000	-136.264000	0.310456	9407.747730	
3.434000	135.026000	2.992000	124.952000	-140.936000	0.309091	9090.925210	
3.467000	135.026000	2.992000	77.043000	-128.578000	0.345214	10461.044333	
3.500000	135.026000	2.992000	37.253000	-100.280000	0.342959	10392.699056	
3.534000	135.026000	2.992000	7.559000	-59.058000	0.359717	10579.923810	
3.567000	135.026000	2.992000	-6.052000	-6.955000	0.382635	11595.012568	
3.600000	135.026000	2.992000	0.336000	44.999000	0.372710	11294.234616	
