Time(ms)	원점 X(cm)	원점 Y(cm)	좌표 X(cm)	좌표 Y(cm)	각(rad)	각속도(rad/s)	
0.000000	135.026000	2.992000	10.522000	-64.080000	0.000000	0.000000	
0.033000	135.026000	2.992000	9.530000	-63.072000	0.009575	290.144438	
0.067000	135.026000	2.992000	8.552000	-60.065000	0.022054	648.635662	
0.100000	135.026000	2.992000	7.567000	-58.058000	0.015820	479.385766	
0.133000	135.026000	2.992000	5.582000	-56.043000	0.018802	569.750131	
0.167000	135.026000	2.992000	5.612000	-52.043000	0.025793	758.630009	
0.200000	135.026000	2.992000	3.649000	-47.028000	0.038303	1160.702675	
0.233000	135.026000	2.992000	1.687000	-42.013000	0.038274	1159.807614	
0.267000	135.026000	2.992000	-0.268000	-35.998000	0.044932	1321.535122	
0.300000	135.026000	2.992000	-2.223000	-29.984000	0.044790	1357.267202	
0.333000	135.026000	2.992000	-3.179000	-23.976000	0.043086	1305.627629	
0.367000	135.026000	2.992000	-4.119000	-15.969000	0.057275	1684.563919	
0.400000	135.026000	2.992000	-6.052000	-6.955000	0.065043	1971.004218	
0.433000	135.026000	2.992000	-5.984000	2.045000	0.063675	1929.541566	
0.467000	135.026000	2.992000	-4.910000	12.037000	0.071263	2095.959870	
0.500000	135.026000	2.992000	-3.828000	23.029000	0.078766	2386.862488	
0.533000	135.026000	2.992000	-1.753000	33.014000	0.072753	2204.638367	
0.567000	135.026000	2.992000	1.336000	44.991000	0.088323	2597.731935	
0.600000	135.026000	2.992000	6.418000	55.954000	0.086256	2613.819818	
0.633000	135.026000	2.992000	11.507000	67.916000	0.093287	2826.884388	
0.667000	135.026000	2.992000	18.596000	79.863000	0.099603	2929.504912	
0.700000	135.026000	2.992000	26.678000	90.803000	0.097547	2955.963502	
0.733000	135.026000	2.992000	36.760000	101.729000	0.106706	3233.529369	
0.767000	135.026000	2.992000	48.834000	111.639000	0.112352	3304.469066	
0.800000	135.026000	2.992000	61.901000	120.541000	0.114158	3459.329850	
0.833000	135.026000	2.992000	75.961000	128.437000	0.116446	3528.658154	
0.867000	135.026000	2.992000	92.012000	135.317000	0.125763	3698.901363	
0.900000	135.026000	2.992000	109.042000	139.190000	0.125773	3811.316657	
0.933000	135.026000	2.992000	126.056000	141.063000	0.123640	3746.675381	
0.967000	135.026000	2.992000	145.056000	140.921000	0.137466	4043.123670	
1.000000	135.026000	2.992000	164.040000	138.780000	0.137915	4179.243353	
1.033000	135.026000	2.992000	183.010000	134.638000	0.139021	4212.765201	
1.067000	135.026000	2.992000	201.950000	126.496000	0.147058	4325.247691	
1.100000	135.026000	2.992000	217.867000	115.377000	0.138620	4200.605549	
1.133000	135.026000	2.992000	233.770000	102.258000	0.147556	4471.407659	
1.167000	135.026000	2.992000	248.650000	86.147000	0.156255	4595.734777	
1.200000	135.026000	2.992000	260.515000	68.058000	0.153442	4649.753356	
1.233000	135.026000	2.992000	269.358000	46.991000	0.161811	4903.354994	
1.267000	135.026000	2.992000	274.194000	24.955000	0.160001	4705.921598	
1.300000	135.026000	2.992000	277.022000	1.933000	0.163983	4969.191327	
1.333000	135.026000	2.992000	275.843000	-22.059000	0.168598	5109.027648	
1.367000	135.026000	2.992000	269.664000	-46.013000	0.173015	5088.682543	
1.400000	135.026000	2.992000	259.493000	-68.938000	0.174943	5301.308318	
1.433000	135.026000	2.992000	244.336000	-89.825000	0.179967	5453.551890	
1.467000	135.026000	2.992000	226.203000	-107.691000	0.177749	5227.913920	
1.500000	135.026000	2.992000	204.084000	-123.526000	0.189426	5740.174215	
1.533000	135.026000	2.992000	177.003000	-134.324000	0.202966	6150.472867	
1.567000	135.026000	2.992000	148.959000	-140.115000	0.199620	5871.169199	
1.600000	135.026000	2.992000	118.959000	-139.891000	0.209033	6334.335569	
1.633000	135.026000	2.992000	89.012000	-132.667000	0.215033	6516.146827	
1.667000	135.026000	2.992000	60.110000	-119.451000	0.222072	6531.519203	
1.700000	135.026000	2.992000	34.268000	-98.258000	0.233880	7087.268853	
1.733000	135.026000	2.992000	14.477000	-70.109000	0.242721	7355.184342	
1.767000	135.026000	2.992000	-0.276000	-36.998000	0.257733	7580.389003	
1.800000	135.026000	2.992000	-5.014000	-1.962000	0.252019	7636.925304	
1.833000	135.026000	2.992000	-1.738000	35.014000	0.265358	8041.157810	
1.867000	135.026000	2.992000	11.515000	68.916000	0.260284	7655.421817	
1.900000	135.026000	2.992000	34.738000	98.744000	0.271982	8241.892968	
1.933000	135.026000	2.992000	63.909000	121.526000	0.268134	8125.265503	
1.967000	135.026000	2.992000	98.027000	137.272000	0.271534	7986.287414	
2.000000	135.026000	2.992000	135.063000	141.996000	0.269131	8155.479282	
2.033000	135.026000	2.992000	171.033000	137.728000	0.260872	7905.225883	
2.067000	135.026000	2.992000	204.927000	123.474000	0.264578	7781.714924	
2.100000	135.026000	2.992000	233.762000	101.258000	0.262067	7941.423652	
2.133000	135.026000	2.992000	257.553000	73.080000	0.263420	7982.421516	
2.167000	135.026000	2.992000	272.298000	38.969000	0.263272	7743.293796	
2.200000	135.026000	2.992000	277.022000	1.933000	0.263778	7993.282562	
2.233000	135.026000	2.992000	271.746000	-35.028000	0.263776	7993.203328	
2.267000	135.026000	2.992000	257.478000	-70.923000	0.271847	7995.488864	
2.300000	135.026000	2.992000	233.255000	-100.743000	0.269574	8168.895370	
2.333000	135.026000	2.992000	200.069000	-125.496000	0.289533	8773.715810	
2.367000	135.026000	2.992000	160.973000	-138.205000	0.286873	8437.443920	
2.400000	135.026000	2.992000	116.959000	-139.876000	0.307529	9319.048107	
2.433000	135.026000	2.992000	75.058000	-126.563000	0.307719	9324.813030	
2.467000	135.026000	2.992000	36.260000	-99.273000	0.334484	9837.768895	
2.500000	135.026000	2.992000	8.552000	-60.065000	0.340293	10311.918027	
2.533000	135.026000	2.992000	-5.089000	-11.962000	0.356184	10793.462066	
2.567000	135.026000	2.992000	0.291000	38.999000	0.367465	10807.783047	
2.600000	135.026000	2.992000	22.634000	84.833000	0.368245	11158.952249	
2.633000	135.026000	2.992000	58.894000	119.564000	0.362866	10995.941708	
2.667000	135.026000	2.992000	106.042000	139.213000	0.368899	10849.965216	
2.700000	135.026000	2.992000	154.055000	140.854000	0.346808	10509.338215	
2.733000	135.026000	2.992000	198.950000	126.519000	0.340379	10314.513681	
2.767000	135.026000	2.992000	236.747000	99.236000	0.335516	9868.118408	
2.800000	135.026000	2.992000	263.463000	61.036000	0.333284	10099.527429	
2.833000	135.026000	2.992000	276.134000	16.940000	0.325928	9876.608727	
2.867000	135.026000	2.992000	272.791000	-29.036000	0.326951	9616.218589	
2.900000	135.026000	2.992000	256.463000	-72.915000	0.330227	10006.868336	
2.933000	135.026000	2.992000	224.188000	-109.676000	0.342688	10384.494519	
2.967000	135.026000	2.992000	180.010000	-133.347000	0.350761	10316.489274	
3.000000	135.026000	2.992000	127.952000	-140.958000	0.367798	11145.395957	
3.033000	135.026000	2.992000	76.050000	-127.571000	0.375169	11368.745257	
3.067000	135.026000	2.992000	29.313000	-92.221000	0.413338	12156.987070	
3.100000	135.026000	2.992000	0.709000	-39.006000	0.430140	13034.557269	
3.133000	135.026000	2.992000	-2.820000	24.022000	0.454441	13770.951814	
3.167000	135.026000	2.992000	19.604000	80.856000	0.442083	13002.427326	
3.200000	135.026000	2.992000	63.916000	122.526000	0.440663	13353.434731	
3.233000	135.026000	2.992000	120.049000	140.108000	0.427859	12965.421094	
3.267000	135.026000	2.992000	176.017000	135.690000	0.408403	12011.859130	
3.300000	135.026000	2.992000	224.822000	109.325000	0.401674	12171.949389	
3.333000	135.026000	2.992000	259.515000	68.065000	0.387857	11753.257398	
3.367000	135.026000	2.992000	276.142000	17.940000	0.376125	11062.504716	
3.400000	135.026000	2.992000	271.739000	-36.028000	0.383557	11622.934469	
3.433000	135.026000	2.992000	248.374000	-84.855000	0.381299	11554.527474	
3.467000	135.026000	2.992000	206.099000	-121.541000	0.392865	11554.842753	
3.500000	135.026000	2.992000	149.966000	-139.122000	0.413867	12541.417736	
3.533000	135.026000	2.992000	87.020000	-131.653000	0.447229	13552.398695	
3.567000	135.026000	2.992000	32.283000	-96.243000	0.460278	13537.577385	
3.600000	135.026000	2.992000	-0.283000	-37.998000	0.473883	14360.099039	
3.633000	135.026000	2.992000	-1.776000	30.014000	0.489164	14823.161745	
3.667000	135.026000	2.992000	25.663000	88.811000	0.470336	13833.422525	
3.700000	135.026000	2.992000	73.953000	127.452000	0.449261	13613.968891	
