Time(ms)	원점 X(cm)	원점 Y(cm)	좌표 X(cm)	좌표 Y(cm)	각(rad)	각속도(rad/s)	
0.000000	140.011000	0.955000	97.012000	135.280000	0.000000	0.000000	
0.034000	140.011000	0.955000	99.012000	135.265000	0.013532	397.999233	
0.067000	140.011000	0.955000	100.012000	135.257000	0.006809	206.321468	
0.100000	140.011000	0.955000	102.027000	137.242000	0.017655	535.009468	
0.134000	140.011000	0.955000	103.027000	137.235000	0.006808	200.248303	
0.167000	140.011000	0.955000	106.027000	137.213000	0.020577	623.556166	
0.200000	140.011000	0.955000	109.027000	137.190000	0.020796	630.178393	
0.234000	140.011000	0.955000	111.042000	139.175000	0.017031	500.907438	
0.267000	140.011000	0.955000	115.042000	139.145000	0.027838	843.589879	
0.300000	140.011000	0.955000	119.041000	139.116000	0.028128	852.350319	
0.334000	140.011000	0.955000	123.056000	141.086000	0.030221	888.857431	
0.367000	140.011000	0.955000	127.056000	141.056000	0.028202	854.600983	
0.400000	140.011000	0.955000	132.056000	141.018000	0.035472	1074.905382	
0.434000	140.011000	0.955000	137.056000	140.981000	0.035635	1048.083130	
0.467000	140.011000	0.955000	143.063000	141.936000	0.042745	1295.303580	
0.500000	140.011000	0.955000	149.063000	141.892000	0.042494	1287.704693	
0.534000	140.011000	0.955000	155.055000	140.847000	0.042989	1264.388578	
0.567000	140.011000	0.955000	161.055000	140.802000	0.042230	1279.688628	
0.600000	140.011000	0.955000	168.040000	138.750000	0.051315	1554.998714	
0.634000	140.011000	0.955000	175.025000	136.698000	0.051768	1522.575527	
0.667000	140.011000	0.955000	183.010000	134.638000	0.058757	1780.526964	
0.700000	140.011000	0.955000	189.995000	132.586000	0.051711	1567.013132	
0.734000	140.011000	0.955000	196.972000	129.534000	0.054111	1591.508870	
0.767000	140.011000	0.955000	204.950000	126.474000	0.060421	1830.947697	
0.800000	140.011000	0.955000	212.919000	122.415000	0.063171	1914.277496	
0.834000	140.011000	0.955000	220.874000	116.355000	0.070595	2076.332698	
0.867000	140.011000	0.955000	226.837000	111.310000	0.055424	1679.524589	
0.900000	140.011000	0.955000	234.785000	104.251000	0.075767	2295.959617	
0.934000	140.011000	0.955000	242.740000	98.191000	0.070462	2072.399249	
0.967000	140.011000	0.955000	248.680000	90.147000	0.070659	2141.174945	
1.000000	140.011000	0.955000	255.620000	82.095000	0.075311	2282.152023	
1.034000	140.011000	0.955000	261.545000	72.050000	0.082663	2431.266302	
1.067000	140.011000	0.955000	266.478000	63.013000	0.073118	2215.707648	
1.100000	140.011000	0.955000	271.395000	51.976000	0.085774	2599.213044	
1.134000	140.011000	0.955000	275.321000	41.947000	0.076250	2242.651022	
1.167000	140.011000	0.955000	278.231000	29.925000	0.087557	2653.247361	
1.200000	140.011000	0.955000	280.134000	16.910000	0.093227	2825.054030	
1.234000	140.011000	0.955000	281.037000	3.903000	0.092475	2719.854473	
1.267000	140.011000	0.955000	280.947000	-8.096000	0.085033	2576.771865	
1.300000	140.011000	0.955000	279.843000	-22.088000	0.099190	3005.763597	
1.334000	140.011000	0.955000	275.739000	-36.058000	0.102904	3026.580038	
1.367000	140.011000	0.955000	271.649000	-48.028000	0.090003	2727.352501	
1.400000	140.011000	0.955000	266.545000	-61.990000	0.105381	3193.351504	
1.434000	140.011000	0.955000	259.455000	-73.938000	0.098436	2895.182100	
1.467000	140.011000	0.955000	251.359000	-86.878000	0.107838	3267.810653	
1.500000	140.011000	0.955000	241.277000	-97.803000	0.104977	3181.110942	
1.534000	140.011000	0.955000	229.195000	-108.713000	0.115187	3387.854807	
1.567000	140.011000	0.955000	216.128000	-117.616000	0.112052	3395.500935	
1.600000	140.011000	0.955000	202.069000	-125.511000	0.114510	3470.006495	
1.634000	140.011000	0.955000	186.010000	-133.391000	0.126306	3714.884846	
1.667000	140.011000	0.955000	169.980000	-137.272000	0.116376	3526.531375	
1.700000	140.011000	0.955000	152.958000	-140.145000	0.122004	3697.096294	
1.734000	140.011000	0.955000	134.951000	-141.010000	0.127129	3739.085334	
1.767000	140.011000	0.955000	116.967000	-138.876000	0.127703	3869.799126	
1.800000	140.011000	0.955000	97.997000	-134.735000	0.136939	4149.674248	
1.834000	140.011000	0.955000	82.042000	-128.615000	0.120416	3541.634118	
1.867000	140.011000	0.955000	64.118000	-118.481000	0.145377	4405.376439	
1.900000	140.011000	0.955000	48.200000	-107.362000	0.137044	4152.851397	
1.934000	140.011000	0.955000	34.305000	-93.258000	0.139716	4109.295128	
1.967000	140.011000	0.955000	21.425000	-77.162000	0.145480	4408.493298	
2.000000	140.011000	0.955000	11.567000	-58.087000	0.151626	4594.712920	
2.034000	140.011000	0.955000	3.716000	-38.028000	0.152286	4478.989822	
2.067000	140.011000	0.955000	-0.126000	-16.999000	0.151158	4580.554422	
2.100000	140.011000	0.955000	-0.962000	5.007000	0.156159	4732.076133	
2.134000	140.011000	0.955000	0.201000	26.999000	0.155435	4571.625838	
2.167000	140.011000	0.955000	6.365000	48.954000	0.160633	4867.657505	
2.200000	140.011000	0.955000	16.514000	68.879000	0.158044	4789.214988	
2.234000	140.011000	0.955000	28.656000	87.789000	0.159451	4689.740298	
2.267000	140.011000	0.955000	43.782000	104.676000	0.160552	4865.199650	
2.300000	140.011000	0.955000	62.886000	118.534000	0.167405	5072.888004	
2.334000	140.011000	0.955000	83.975000	130.377000	0.171938	5057.002877	
2.367000	140.011000	0.955000	106.027000	137.213000	0.164180	4975.162640	
2.400000	140.011000	0.955000	129.056000	141.041000	0.166379	5041.800580	
2.434000	140.011000	0.955000	152.055000	140.869000	0.163913	4820.967555	
2.467000	140.011000	0.955000	176.032000	137.690000	0.171715	5203.471479	
2.500000	140.011000	0.955000	197.965000	128.526000	0.168830	5116.058820	
2.534000	140.011000	0.955000	218.889000	118.370000	0.165126	4856.634358	
2.567000	140.011000	0.955000	236.777000	103.236000	0.166158	5035.102710	
2.600000	140.011000	0.955000	252.650000	86.117000	0.165729	5022.089977	
2.634000	140.011000	0.955000	264.493000	65.028000	0.172017	5059.334416	
2.667000	140.011000	0.955000	274.321000	41.954000	0.179079	5426.651430	
2.700000	140.011000	0.955000	280.149000	18.910000	0.168843	5116.448834	
2.734000	140.011000	0.955000	280.970000	-5.096000	0.170330	5009.720275	
2.767000	140.011000	0.955000	277.783000	-30.073000	0.178616	5412.600570	
2.800000	140.011000	0.955000	269.604000	-54.013000	0.179641	5443.666598	
2.834000	140.011000	0.955000	258.441000	-75.930000	0.174656	5136.947671	
2.867000	140.011000	0.955000	242.292000	-95.810000	0.181879	5511.484629	
2.900000	140.011000	0.955000	223.158000	-113.668000	0.185536	5622.300795	
2.934000	140.011000	0.955000	200.054000	-127.496000	0.190306	5597.240907	
2.967000	140.011000	0.955000	174.988000	-136.309000	0.187755	5689.556640	
3.000000	140.011000	0.955000	146.959000	-140.100000	0.200288	6069.338528	
3.034000	140.011000	0.955000	118.967000	-138.891000	0.198577	5840.493295	
3.067000	140.011000	0.955000	92.012000	-132.690000	0.195446	5922.617203	
3.100000	140.011000	0.955000	65.110000	-119.489000	0.211543	6410.386559	
3.134000	140.011000	0.955000	41.245000	-101.310000	0.211646	6224.892674	
3.167000	140.011000	0.955000	22.417000	-78.169000	0.210525	6379.557051	
3.200000	140.011000	0.955000	7.634000	-49.058000	0.231047	7001.414809	
3.234000	140.011000	0.955000	-0.134000	-17.999000	0.226800	6670.577901	
3.267000	140.011000	0.955000	-0.895000	14.007000	0.226796	6872.591575	
3.300000	140.011000	0.955000	6.336000	44.954000	0.225614	6836.800880	
3.334000	140.011000	0.955000	19.552000	73.856000	0.226249	6654.396760	
3.367000	140.011000	0.955000	39.745000	99.706000	0.233556	7077.467166	
3.400000	140.011000	0.955000	64.901000	120.519000	0.232114	7033.755446	
3.434000	140.011000	0.955000	94.005000	134.302000	0.228674	6725.715866	
3.467000	140.011000	0.955000	126.056000	141.063000	0.232948	7059.025645	
3.500000	140.011000	0.955000	158.048000	139.824000	0.228436	6922.309973	
3.534000	140.011000	0.955000	189.002000	133.593000	0.224654	6607.465162	
3.567000	140.011000	0.955000	216.897000	119.385000	0.222004	6727.402600	
3.600000	140.011000	0.955000	241.747000	99.199000	0.227038	6879.943051	
3.634000	140.011000	0.955000	260.567000	75.058000	0.216797	6376.371255	
3.667000	140.011000	0.955000	273.351000	45.961000	0.225620	6836.983826	
3.700000	140.011000	0.955000	280.119000	14.910000	0.226247	6855.963235	
3.734000	140.011000	0.955000	279.880000	-17.089000	0.227572	6693.298117	
3.767000	140.011000	0.955000	272.649000	-48.035000	0.225511	6833.674982	
3.800000	140.011000	0.955000	257.433000	-76.923000	0.231812	7024.597789	
3.834000	140.011000	0.955000	236.247000	-101.765000	0.232356	6833.997988	
3.867000	140.011000	0.955000	210.099000	-121.571000	0.233224	7067.380633	
3.900000	140.011000	0.955000	178.995000	-135.339000	0.241006	7303.201926	
3.934000	140.011000	0.955000	142.951000	-141.070000	0.257893	7585.080133	
3.967000	140.011000	0.955000	106.982000	-136.802000	0.256018	7758.129829	
4.000000	140.011000	0.955000	73.080000	-123.548000	0.257941	7816.402532	
4.034000	140.011000	0.955000	42.245000	-101.318000	0.269609	7929.688971	
4.067000	140.011000	0.955000	18.470000	-71.139000	0.272546	8258.955873	
4.100000	140.011000	0.955000	2.746000	-34.021000	0.285882	8663.097741	
4.134000	140.011000	0.955000	-0.955000	6.007000	0.285320	8391.773143	
4.167000	140.011000	0.955000	6.343000	45.954000	0.288907	8754.765114	
4.200000	140.011000	0.955000	24.611000	81.819000	0.286484	8681.332626	
4.234000	140.011000	0.955000	52.834000	111.609000	0.292303	8597.159154	
4.267000	140.011000	0.955000	86.983000	131.355000	0.281047	8516.579015	
4.300000	140.011000	0.955000	125.056000	141.071000	0.279901	8481.849787	
4.334000	140.011000	0.955000	165.048000	139.772000	0.284772	8375.641842	
4.367000	140.011000	0.955000	200.965000	128.504000	0.267360	8101.811964	
4.400000	140.011000	0.955000	231.807000	107.273000	0.266427	8073.533947	
4.434000	140.011000	0.955000	256.597000	79.087000	0.268147	7886.678394	
4.467000	140.011000	0.955000	273.351000	45.961000	0.264900	8027.283735	
4.500000	140.011000	0.955000	281.074000	8.903000	0.269237	8158.696751	
4.534000	140.011000	0.955000	278.798000	-28.081000	0.262522	7721.238755	
4.567000	140.011000	0.955000	265.537000	-62.983000	0.264870	8026.364157	
4.600000	140.011000	0.955000	244.299000	-94.825000	0.271790	8236.066791	
4.634000	140.011000	0.955000	213.113000	-119.593000	0.282776	8316.933304	
4.667000	140.011000	0.955000	175.995000	-135.317000	0.286955	8695.607625	
4.700000	140.011000	0.955000	134.951000	-141.010000	0.293795	8902.873330	
4.734000	140.011000	0.955000	92.012000	-132.690000	0.309178	9093.471513	
4.767000	140.011000	0.955000	54.163000	-112.407000	0.303345	9192.284215	
4.800000	140.011000	0.955000	23.410000	-79.176000	0.320546	9713.501133	
4.834000	140.011000	0.955000	3.731000	-36.028000	0.337107	9914.906073	
4.867000	140.011000	0.955000	-0.917000	11.007000	0.336200	10187.868970	
4.900000	140.011000	0.955000	9.433000	57.931000	0.340227	10309.914408	
4.934000	140.011000	0.955000	36.723000	96.729000	0.336235	9889.272268	
4.967000	140.011000	0.955000	73.931000	124.452000	0.331816	10055.029096	
5.000000	140.011000	0.955000	117.042000	139.130000	0.326586	9896.555950	
5.034000	140.011000	0.955000	162.048000	139.795000	0.322134	9474.534002	
5.067000	140.011000	0.955000	202.950000	126.489000	0.307334	9313.149923	
5.100000	140.011000	0.955000	237.769000	102.228000	0.302996	9181.706308	
5.134000	140.011000	0.955000	264.515000	68.028000	0.308914	9085.702997	
5.167000	140.011000	0.955000	277.224000	28.932000	0.293005	8878.950667	
5.200000	140.011000	0.955000	279.903000	-14.089000	0.308266	9341.394304	
5.234000	140.011000	0.955000	269.597000	-55.013000	0.300571	8840.318007	
5.267000	140.011000	0.955000	247.329000	-90.848000	0.299939	9089.049136	
5.300000	140.011000	0.955000	213.113000	-119.593000	0.318036	9637.458629	
5.334000	140.011000	0.955000	170.988000	-136.279000	0.323119	9503.499054	
5.367000	140.011000	0.955000	123.959000	-139.928000	0.335453	10165.232418	
5.400000	140.011000	0.955000	78.058000	-126.586000	0.338733	10264.643278	
5.434000	140.011000	0.955000	37.275000	-97.280000	0.355608	10459.064286	
5.467000	140.011000	0.955000	9.597000	-54.073000	0.363722	11021.891625	
5.500000	140.011000	0.955000	-1.037000	-4.992000	0.357145	10822.582529	
5.534000	140.011000	0.955000	6.328000	43.954000	0.353336	10392.236076	
5.567000	140.011000	0.955000	28.648000	86.789000	0.345457	10468.388038	
5.600000	140.011000	0.955000	62.894000	119.534000	0.337525	10228.039847	
5.634000	140.011000	0.955000	104.027000	137.228000	0.318451	9366.196214	
5.667000	140.011000	0.955000	149.063000	141.892000	0.322305	9766.808595	
5.700000	140.011000	0.955000	189.002000	133.593000	0.289677	8778.077195	
5.734000	140.011000	0.955000	223.859000	114.333000	0.282960	8322.346314	
5.767000	140.011000	0.955000	251.657000	87.124000	0.276710	8385.139680	
5.800000	140.011000	0.955000	270.403000	52.984000	0.277650	8413.638021	
5.834000	140.011000	0.955000	279.134000	16.917000	0.265428	7806.695577	
5.867000	140.011000	0.955000	278.858000	-20.081000	0.264595	8018.027585	
5.900000	140.011000	0.955000	269.597000	-55.013000	0.257338	7798.115289	
5.934000	140.011000	0.955000	251.366000	-85.878000	0.254594	7488.048011	
5.967000	140.011000	0.955000	226.180000	-110.690000	0.251188	7611.755848	
6.000000	140.011000	0.955000	195.039000	-129.459000	0.258032	7819.161492	
6.034000	140.011000	0.955000	158.966000	-139.190000	0.264846	7789.595527	
6.067000	140.011000	0.955000	122.959000	-139.921000	0.254894	7724.048077	
6.100000	140.011000	0.955000	87.027000	-130.653000	0.262280	7947.881794	
6.134000	140.011000	0.955000	54.163000	-112.407000	0.265414	7806.300002	
6.167000	140.011000	0.955000	28.357000	-86.214000	0.259780	7872.122126	
6.200000	140.011000	0.955000	9.597000	-54.073000	0.263582	7987.338269	
6.234000	140.011000	0.955000	-0.141000	-18.999000	0.257860	7584.108248	
6.267000	140.011000	0.955000	0.127000	17.000000	0.255627	7746.261290	
6.300000	140.011000	0.955000	7.373000	49.946000	0.239613	7260.989175	
6.334000	140.011000	0.955000	23.596000	79.826000	0.241648	7107.307830	
6.367000	140.011000	0.955000	45.790000	105.661000	0.242593	7351.303565	
