Time(ms)	원점 X(cm)	원점 Y(cm)	좌표 X(cm)	좌표 Y(cm)	각(rad)	각속도(rad/s)	
0.000000	140.004000	-0.044000	163.055000	140.787000	0.000000	0.000000	
0.033000	140.004000	-0.044000	167.040000	138.757000	0.030134	913.147661	
0.067000	140.004000	-0.044000	171.040000	138.727000	0.027655	813.367798	
0.100000	140.004000	-0.044000	176.025000	136.690000	0.037558	1138.119024	
0.133000	140.004000	-0.044000	181.025000	136.653000	0.033951	1028.803919	
0.167000	140.004000	-0.044000	187.010000	134.608000	0.044329	1303.807267	
0.200000	140.004000	-0.044000	192.995000	132.563000	0.044303	1342.529635	
0.233000	140.004000	-0.044000	198.972000	129.519000	0.046942	1422.490988	
0.267000	140.004000	-0.044000	204.950000	126.474000	0.047146	1386.649653	
0.300000	140.004000	-0.044000	210.920000	122.429000	0.050603	1533.411777	
0.333000	140.004000	-0.044000	216.889000	118.385000	0.050957	1544.165688	
0.367000	140.004000	-0.044000	222.859000	114.340000	0.051070	1502.044707	
0.400000	140.004000	-0.044000	228.829000	110.295000	0.050906	1542.618805	
0.433000	140.004000	-0.044000	234.785000	104.251000	0.059850	1813.631302	
0.467000	140.004000	-0.044000	241.740000	98.199000	0.065220	1918.221094	
0.500000	140.004000	-0.044000	247.695000	92.154000	0.059888	1814.797163	
0.533000	140.004000	-0.044000	252.635000	84.117000	0.066320	2009.707335	
0.567000	140.004000	-0.044000	258.575000	76.073000	0.071027	2089.030867	
0.600000	140.004000	-0.044000	264.515000	68.028000	0.070380	2132.726102	
0.633000	140.004000	-0.044000	268.455000	59.998000	0.063063	1910.990680	
0.667000	140.004000	-0.044000	272.380000	49.969000	0.076023	2235.960165	
0.700000	140.004000	-0.044000	276.306000	39.939000	0.075895	2299.860366	
0.733000	140.004000	-0.044000	278.216000	27.925000	0.085670	2596.061867	
0.767000	140.004000	-0.044000	280.141000	17.910000	0.072243	2124.804206	
0.800000	140.004000	-0.044000	281.052000	5.903000	0.085285	2584.404172	
0.833000	140.004000	-0.044000	280.962000	-6.096000	0.085046	2577.164115	
0.867000	140.004000	-0.044000	279.865000	-19.089000	0.092430	2718.531807	
0.900000	140.004000	-0.044000	277.776000	-31.073000	0.086185	2611.674548	
0.933000	140.004000	-0.044000	273.679000	-44.043000	0.096456	2922.915922	
0.967000	140.004000	-0.044000	269.590000	-56.013000	0.089726	2638.991755	
1.000000	140.004000	-0.044000	263.500000	-67.968000	0.095145	2883.180676	
1.033000	140.004000	-0.044000	255.411000	-79.908000	0.102500	3106.053537	
1.067000	140.004000	-0.044000	246.321000	-91.840000	0.106882	3143.588535	
1.100000	140.004000	-0.044000	236.247000	-101.765000	0.100830	3055.465259	
1.133000	140.004000	-0.044000	225.173000	-111.683000	0.106030	3213.019178	
1.167000	140.004000	-0.044000	212.106000	-120.586000	0.112647	3313.147117	
1.200000	140.004000	-0.044000	199.054000	-127.488000	0.105164	3186.798050	
1.233000	140.004000	-0.044000	184.010000	-133.376000	0.115101	3487.922358	
1.267000	140.004000	-0.044000	167.980000	-137.257000	0.117660	3460.602788	
1.300000	140.004000	-0.044000	150.951000	-141.130000	0.123695	3748.327203	
1.333000	140.004000	-0.044000	133.951000	-141.003000	0.120351	3647.000719	
1.367000	140.004000	-0.044000	115.967000	-138.869000	0.128531	3780.324705	
1.400000	140.004000	-0.044000	97.997000	-134.735000	0.130871	3965.781403	
1.433000	140.004000	-0.044000	82.042000	-128.615000	0.121216	3673.216942	
1.467000	140.004000	-0.044000	64.110000	-119.481000	0.142532	4192.120579	
1.500000	140.004000	-0.044000	49.200000	-107.370000	0.136136	4125.323509	
1.533000	140.004000	-0.044000	35.298000	-94.266000	0.135851	4116.696215	
1.567000	140.004000	-0.044000	22.417000	-78.169000	0.146311	4303.279335	
1.600000	140.004000	-0.044000	12.552000	-60.095000	0.146118	4427.809615	
1.633000	140.004000	-0.044000	4.694000	-41.036000	0.146155	4428.947761	
1.667000	140.004000	-0.044000	-0.149000	-19.999000	0.152730	4492.069601	
1.700000	140.004000	-0.044000	-1.992000	1.015000	0.148887	4511.737958	
1.733000	140.004000	-0.044000	0.172000	22.999000	0.155865	4723.180279	
1.767000	140.004000	-0.044000	5.328000	43.961000	0.152489	4484.957708	
1.800000	140.004000	-0.044000	13.477000	63.901000	0.152136	4610.180334	
1.833000	140.004000	-0.044000	25.619000	82.811000	0.158936	4816.242931	
1.867000	140.004000	-0.044000	39.753000	100.706000	0.160997	4735.218697	
1.900000	140.004000	-0.044000	56.857000	114.579000	0.155348	4707.523037	
1.933000	140.004000	-0.044000	75.946000	126.437000	0.158762	4810.980818	
1.967000	140.004000	-0.044000	98.012000	135.272000	0.167902	4938.305825	
2.000000	140.004000	-0.044000	120.056000	141.108000	0.160509	4863.923126	
2.033000	140.004000	-0.044000	143.063000	141.936000	0.161935	4907.123049	
2.067000	140.004000	-0.044000	166.040000	138.765000	0.163871	4819.729532	
2.100000	140.004000	-0.044000	187.995000	132.601000	0.161736	4901.080325	
2.133000	140.004000	-0.044000	208.927000	123.444000	0.161919	4906.641689	
2.167000	140.004000	-0.044000	228.829000	110.295000	0.168726	4962.537809	
2.200000	140.004000	-0.044000	244.710000	94.176000	0.160269	4856.624803	
2.233000	140.004000	-0.044000	259.567000	75.065000	0.171840	5207.259548	
2.267000	140.004000	-0.044000	270.410000	53.984000	0.168116	4944.594570	
2.300000	140.004000	-0.044000	277.246000	31.932000	0.163872	4965.813569	
2.333000	140.004000	-0.044000	281.067000	7.903000	0.172629	5231.186832	
2.367000	140.004000	-0.044000	279.888000	-16.089000	0.170480	5014.121448	
2.400000	140.004000	-0.044000	275.701000	-41.058000	0.179314	5433.752246	
2.433000	140.004000	-0.044000	265.537000	-62.983000	0.171229	5188.769915	
2.467000	140.004000	-0.044000	252.374000	-84.885000	0.181956	5351.660929	
2.500000	140.004000	-0.044000	235.232000	-103.758000	0.181325	5494.702440	
2.533000	140.004000	-0.044000	214.113000	-119.601000	0.187871	5693.071472	
2.567000	140.004000	-0.044000	191.025000	-131.429000	0.184490	5426.162701	
2.600000	140.004000	-0.044000	164.973000	-138.234000	0.191650	5807.579566	
2.633000	140.004000	-0.044000	136.951000	-141.025000	0.200409	6073.010837	
2.667000	140.004000	-0.044000	107.982000	-136.809000	0.208344	6127.756095	
2.700000	140.004000	-0.044000	82.042000	-128.615000	0.193537	5864.771554	
2.733000	140.004000	-0.044000	56.155000	-113.422000	0.213248	6462.061220	
2.767000	140.004000	-0.044000	34.305000	-93.258000	0.211301	6214.731248	
2.800000	140.004000	-0.044000	16.492000	-68.124000	0.218949	6634.819928	
2.833000	140.004000	-0.044000	4.709000	-39.036000	0.223169	6762.699128	
2.867000	140.004000	-0.044000	-1.059000	-7.992000	0.224312	6597.412371	
2.900000	140.004000	-0.044000	0.179000	23.999000	0.226570	6865.742914	
2.933000	140.004000	-0.044000	9.403000	53.931000	0.221618	6715.696897	
2.967000	140.004000	-0.044000	23.611000	81.826000	0.221096	6502.823248	
3.000000	140.004000	-0.044000	45.790000	105.661000	0.229814	6964.056818	
3.033000	140.004000	-0.044000	71.931000	124.467000	0.227659	6898.770551	
3.067000	140.004000	-0.044000	101.020000	136.250000	0.221733	6521.567058	
3.100000	140.004000	-0.044000	133.063000	142.011000	0.229768	6962.661261	
3.133000	140.004000	-0.044000	164.048000	139.780000	0.219116	6639.881056	
3.167000	140.004000	-0.044000	193.980000	130.556000	0.221619	6518.208807	
3.200000	140.004000	-0.044000	221.874000	116.348000	0.221091	6699.720930	
3.233000	140.004000	-0.044000	243.717000	95.184000	0.215020	6515.749350	
3.267000	140.004000	-0.044000	262.530000	70.043000	0.223183	6564.214632	
3.300000	140.004000	-0.044000	274.321000	41.954000	0.216543	6561.898257	
3.333000	140.004000	-0.044000	281.089000	10.903000	0.225611	6836.692423	
3.367000	140.004000	-0.044000	279.850000	-21.088000	0.226796	6670.457085	
3.400000	140.004000	-0.044000	271.627000	-51.028000	0.220194	6672.532683	
3.433000	140.004000	-0.044000	256.418000	-78.915000	0.225915	6845.922283	
3.467000	140.004000	-0.044000	234.232000	-103.750000	0.237778	6993.472927	
3.500000	140.004000	-0.044000	207.084000	-123.548000	0.239989	7272.383785	
3.533000	140.004000	-0.044000	174.988000	-136.309000	0.246254	7462.242116	
3.567000	140.004000	-0.044000	140.951000	-141.055000	0.244592	7193.874167	
3.600000	140.004000	-0.044000	104.982000	-136.787000	0.257442	7801.265726	
3.633000	140.004000	-0.044000	71.080000	-123.533000	0.258344	7828.613099	
3.667000	140.004000	-0.044000	41.253000	-100.310000	0.268716	7903.399452	
3.700000	140.004000	-0.044000	17.477000	-70.132000	0.273418	8285.392002	
3.733000	140.004000	-0.044000	2.754000	-33.021000	0.283793	8599.776707	
3.767000	140.004000	-0.044000	-0.955000	6.007000	0.278701	8197.085320	
3.800000	140.004000	-0.044000	6.343000	45.954000	0.288543	8743.731461	
3.833000	140.004000	-0.044000	23.604000	80.826000	0.275756	8356.241689	
3.867000	140.004000	-0.044000	50.819000	109.624000	0.280842	8260.051441	
3.900000	140.004000	-0.044000	83.975000	130.377000	0.276993	8393.730394	
3.933000	140.004000	-0.044000	121.049000	140.101000	0.271324	8221.950144	
3.967000	140.004000	-0.044000	161.048000	139.802000	0.283796	8346.945265	
4.000000	140.004000	-0.044000	195.980000	130.541000	0.255604	7745.569075	
4.033000	140.004000	-0.044000	227.837000	111.303000	0.262925	7967.426717	
4.067000	140.004000	-0.044000	252.642000	85.117000	0.255541	7515.898309	
4.100000	140.004000	-0.044000	270.403000	52.984000	0.261134	7913.139154	
4.133000	140.004000	-0.044000	279.134000	16.917000	0.264925	8028.035525	
4.167000	140.004000	-0.044000	279.865000	-19.089000	0.256647	7548.455663	
4.200000	140.004000	-0.044000	269.597000	-55.013000	0.265826	8055.329991	
4.233000	140.004000	-0.044000	250.359000	-86.870000	0.265468	8044.497853	
4.267000	140.004000	-0.044000	223.158000	-113.668000	0.272390	8011.465598	
4.300000	140.004000	-0.044000	188.025000	-131.406000	0.281303	8524.323623	
4.333000	140.004000	-0.044000	147.959000	-140.108000	0.293736	8901.105469	
4.367000	140.004000	-0.044000	105.982000	-136.794000	0.300574	8840.406058	
4.400000	140.004000	-0.044000	67.103000	-120.504000	0.300387	9102.621508	
4.433000	140.004000	-0.044000	33.320000	-91.251000	0.319223	9673.430379	
4.467000	140.004000	-0.044000	9.612000	-52.073000	0.327686	9637.828330	
4.500000	140.004000	-0.044000	-1.059000	-7.992000	0.323377	9799.304527	
4.533000	140.004000	-0.044000	3.291000	38.977000	0.334314	10130.733707	
4.567000	140.004000	-0.044000	23.604000	80.826000	0.329170	9681.472014	
4.600000	140.004000	-0.044000	54.849000	113.594000	0.320509	9712.398234	
4.633000	140.004000	-0.044000	96.012000	135.287000	0.328792	9963.398356	
4.667000	140.004000	-0.044000	140.063000	141.959000	0.314710	9256.187430	
4.700000	140.004000	-0.044000	183.017000	135.638000	0.306576	9290.177425	
4.733000	140.004000	-0.044000	221.874000	116.348000	0.306012	9273.093881	
4.767000	140.004000	-0.044000	251.657000	87.124000	0.294929	8674.374406	
4.800000	140.004000	-0.044000	271.381000	49.976000	0.299074	9062.844421	
4.833000	140.004000	-0.044000	281.089000	10.903000	0.286354	8677.391598	
4.867000	140.004000	-0.044000	276.776000	-31.066000	0.300478	8837.590960	
4.900000	140.004000	-0.044000	262.485000	-69.960000	0.295654	8959.215066	
