Time(ms)	원점 X(cm)	원점 Y(cm)	좌표 X(cm)	좌표 Y(cm)	각(rad)	각속도(rad/s)	
0.000000	140.966000	-5.052000	274.336000	43.954000	0.000000	0.000000	
0.034000	140.966000	-5.052000	274.321000	41.954000	0.013240	389.425311	
0.067000	140.966000	-5.052000	274.306000	39.954000	0.013368	405.097805	
0.100000	140.966000	-5.052000	276.291000	37.939000	0.017918	542.959671	
0.134000	140.966000	-5.052000	276.276000	35.939000	0.013450	395.597119	
0.167000	140.966000	-5.052000	276.246000	31.939000	0.027238	825.380751	
0.200000	140.966000	-5.052000	278.216000	27.925000	0.031116	942.900084	
0.234000	140.966000	-5.052000	278.186000	23.925000	0.027686	814.282039	
0.267000	140.966000	-5.052000	280.141000	17.910000	0.044601	1351.538518	
0.300000	140.966000	-5.052000	280.112000	13.910000	0.028074	850.717082	
0.334000	140.966000	-5.052000	282.059000	6.895000	0.050967	1499.020388	
0.367000	140.966000	-5.052000	282.007000	-0.104000	0.049406	1497.137303	
0.400000	140.966000	-5.052000	281.962000	-6.104000	0.042529	1288.747934	
0.434000	140.966000	-5.052000	281.903000	-14.104000	0.056678	1667.003385	
0.467000	140.966000	-5.052000	279.843000	-22.088000	0.057921	1755.173042	
0.500000	140.966000	-5.052000	279.783000	-30.088000	0.056375	1708.318544	
0.534000	140.966000	-5.052000	277.709000	-40.073000	0.072285	2126.023982	
0.567000	140.966000	-5.052000	273.634000	-50.043000	0.076235	2310.136591	
0.600000	140.966000	-5.052000	269.575000	-58.013000	0.063682	1929.765349	
0.634000	140.966000	-5.052000	265.500000	-67.983000	0.077268	2272.588948	
0.667000	140.966000	-5.052000	260.426000	-77.945000	0.079973	2423.413776	
0.700000	140.966000	-5.052000	253.351000	-87.893000	0.087329	2646.328014	
0.734000	140.966000	-5.052000	245.277000	-97.833000	0.091759	2698.784637	
0.767000	140.966000	-5.052000	236.210000	-106.765000	0.091267	2765.664516	
0.800000	140.966000	-5.052000	226.143000	-115.690000	0.096467	2923.255620	
0.834000	140.966000	-5.052000	214.084000	-123.601000	0.103435	3042.215550	
0.867000	140.966000	-5.052000	202.032000	-130.511000	0.099678	3020.559541	
0.900000	140.966000	-5.052000	187.980000	-137.406000	0.111672	3383.991734	
0.934000	140.966000	-5.052000	171.950000	-141.287000	0.117686	3461.341685	
0.967000	140.966000	-5.052000	155.936000	-143.167000	0.115660	3504.854574	
1.000000	140.966000	-5.052000	138.922000	-145.040000	0.122567	3714.141617	
1.034000	140.966000	-5.052000	120.937000	-142.906000	0.129682	3814.164432	
1.067000	140.966000	-5.052000	102.960000	-139.772000	0.130683	3960.102879	
1.100000	140.966000	-5.052000	85.005000	-133.638000	0.135516	4106.532066	
1.134000	140.966000	-5.052000	67.073000	-124.503000	0.143507	4220.787316	
1.167000	140.966000	-5.052000	51.163000	-112.384000	0.142725	4325.003538	
1.200000	140.966000	-5.052000	35.268000	-98.265000	0.151370	4586.971291	
1.234000	140.966000	-5.052000	22.395000	-81.169000	0.152016	4471.065392	
1.267000	140.966000	-5.052000	11.544000	-61.087000	0.162101	4912.151513	
1.300000	140.966000	-5.052000	3.709000	-39.028000	0.165938	5028.438759	
1.334000	140.966000	-5.052000	-0.111000	-14.999000	0.172267	5066.671315	
1.367000	140.966000	-5.052000	0.067000	9.000000	0.169793	5145.255316	
1.400000	140.966000	-5.052000	3.246000	32.977000	0.170017	5152.020513	
1.434000	140.966000	-5.052000	12.425000	56.909000	0.179752	5286.822046	
1.467000	140.966000	-5.052000	26.589000	78.804000	0.183462	5559.439818	
1.500000	140.966000	-5.052000	43.745000	99.676000	0.189921	5755.192275	
1.534000	140.966000	-5.052000	64.864000	115.519000	0.185212	5447.397648	
1.567000	140.966000	-5.052000	87.960000	128.347000	0.184812	5600.357289	
1.600000	140.966000	-5.052000	115.019000	136.145000	0.196482	5954.008908	
1.634000	140.966000	-5.052000	142.033000	137.944000	0.189199	5564.662464	
1.667000	140.966000	-5.052000	170.010000	134.735000	0.197397	5981.725453	
1.700000	140.966000	-5.052000	195.950000	126.541000	0.190927	5785.655100	
1.734000	140.966000	-5.052000	220.852000	113.355000	0.197740	5815.876048	
1.767000	140.966000	-5.052000	242.710000	94.191000	0.204316	6191.398773	
1.800000	140.966000	-5.052000	259.545000	72.065000	0.196339	5949.667911	
1.834000	140.966000	-5.052000	272.351000	45.969000	0.206209	6064.961957	
1.867000	140.966000	-5.052000	280.141000	17.910000	0.206894	6269.514046	
1.900000	140.966000	-5.052000	281.918000	-12.104000	0.213503	6469.789022	
1.934000	140.966000	-5.052000	275.701000	-41.058000	0.211144	6210.118335	
1.967000	140.966000	-5.052000	264.485000	-69.975000	0.222793	6751.292506	
2.000000	140.966000	-5.052000	247.292000	-95.848000	0.222851	6753.050046	
2.034000	140.966000	-5.052000	224.136000	-116.675000	0.223663	6578.336818	
2.067000	140.966000	-5.052000	195.009000	-133.458000	0.241984	7332.837400	
2.100000	140.966000	-5.052000	162.936000	-143.219000	0.240682	7293.396761	
2.134000	140.966000	-5.052000	127.929000	-143.958000	0.251271	7390.323229	
2.167000	140.966000	-5.052000	92.975000	-137.697000	0.253568	7683.869885	
2.200000	140.966000	-5.052000	60.110000	-119.451000	0.268120	8124.838672	
2.234000	140.966000	-5.052000	32.298000	-94.243000	0.268253	7889.786373	
2.267000	140.966000	-5.052000	11.544000	-61.087000	0.278679	8444.821101	
2.300000	140.966000	-5.052000	0.836000	-22.006000	0.288194	8733.150351	
2.334000	140.966000	-5.052000	1.134000	17.992000	0.283732	8345.063995	
2.367000	140.966000	-5.052000	12.425000	56.909000	0.285841	8661.855098	
2.400000	140.966000	-5.052000	35.686000	91.736000	0.294226	8915.953735	
2.434000	140.966000	-5.052000	67.879000	117.497000	0.289638	8518.765693	
2.467000	140.966000	-5.052000	105.997000	133.213000	0.290043	8789.168327	
2.500000	140.966000	-5.052000	147.033000	137.907000	0.290132	8791.866900	
2.534000	140.966000	-5.052000	185.980000	130.616000	0.277952	8175.069531	
2.567000	140.966000	-5.052000	220.845000	112.355000	0.277057	8395.666014	
2.600000	140.966000	-5.052000	249.650000	86.139000	0.275273	8341.599797	
2.634000	140.966000	-5.052000	269.388000	50.991000	0.286616	8429.896185	
2.667000	140.966000	-5.052000	280.112000	13.910000	0.276045	8364.987580	
2.700000	140.966000	-5.052000	279.821000	-25.088000	0.278745	8446.822118	
2.734000	140.966000	-5.052000	267.522000	-64.998000	0.299059	8795.845383	
2.767000	140.966000	-5.052000	244.277000	-97.825000	0.289344	8767.985067	
2.800000	140.966000	-5.052000	212.076000	-124.586000	0.302433	9164.621932	
2.834000	140.966000	-5.052000	171.950000	-141.287000	0.313030	9206.753014	
2.867000	140.966000	-5.052000	125.929000	-143.943000	0.331471	10044.586824	
2.900000	140.966000	-5.052000	80.020000	-131.600000	0.340978	10332.665088	
2.934000	140.966000	-5.052000	41.230000	-103.310000	0.344040	10118.830724	
2.967000	140.966000	-5.052000	11.544000	-61.087000	0.369337	11192.030965	
3.000000	140.966000	-5.052000	-0.074000	-9.999000	0.373536	11319.261360	
3.034000	140.966000	-5.052000	6.321000	42.954000	0.377548	11104.346974	
3.067000	140.966000	-5.052000	32.663000	88.759000	0.371332	11252.470930	
3.100000	140.966000	-5.052000	74.901000	120.444000	0.372410	11285.137358	
3.134000	140.966000	-5.052000	123.026000	137.086000	0.359017	10559.316283	
3.167000	140.966000	-5.052000	173.010000	134.713000	0.350927	10634.150690	
3.200000	140.966000	-5.052000	217.867000	115.377000	0.342915	10391.352428	
3.234000	140.966000	-5.052000	252.620000	82.117000	0.339641	9989.436149	
3.267000	140.966000	-5.052000	275.306000	39.947000	0.339648	10292.374879	
3.300000	140.966000	-5.052000	280.955000	-7.096000	0.337817	10236.882386	
3.334000	140.966000	-5.052000	272.604000	-54.035000	0.341629	10047.912105	
3.367000	140.966000	-5.052000	247.292000	-95.848000	0.350548	10622.658800	
3.400000	140.966000	-5.052000	208.054000	-127.556000	0.362991	10999.712984	
3.434000	140.966000	-5.052000	158.936000	-143.190000	0.371668	10931.414130	
3.467000	140.966000	-5.052000	102.960000	-139.772000	0.404326	12252.304724	
3.500000	140.966000	-5.052000	52.155000	-113.392000	0.411699	12475.727236	
3.534000	140.966000	-5.052000	14.507000	-66.110000	0.434316	12773.997195	
3.567000	140.966000	-5.052000	-0.044000	-5.999000	0.443100	13427.287541	
3.600000	140.966000	-5.052000	12.425000	56.909000	0.455887	13814.747967	
3.634000	140.966000	-5.052000	51.790000	105.616000	0.443359	13039.980788	
3.667000	140.966000	-5.052000	104.997000	133.220000	0.423774	12841.640764	
3.700000	140.966000	-5.052000	163.018000	135.787000	0.409807	12418.387671	
3.734000	140.966000	-5.052000	215.867000	115.392000	0.401033	11795.099633	
3.767000	140.966000	-5.052000	254.597000	79.102000	0.376996	11424.135606	
3.800000	140.966000	-5.052000	277.231000	29.932000	0.386144	11701.337848	
3.834000	140.966000	-5.052000	279.828000	-24.088000	0.387544	11398.352212	
3.867000	140.966000	-5.052000	262.448000	-74.960000	0.385943	11695.246994	
3.900000	140.966000	-5.052000	225.143000	-115.683000	0.398188	12066.306131	
3.934000	140.966000	-5.052000	171.958000	-140.287000	0.425147	12504.329140	
3.967000	140.966000	-5.052000	109.945000	-141.824000	0.448316	13585.335891	
4.000000	140.966000	-5.052000	52.155000	-113.392000	0.463629	14049.376687	
4.034000	140.966000	-5.052000	11.559000	-59.087000	0.488581	14370.038136	
4.067000	140.966000	-5.052000	0.060000	8.000000	0.487916	14785.345204	
4.100000	140.966000	-5.052000	20.522000	69.849000	0.463983	14060.082845	
4.134000	140.966000	-5.052000	64.864000	115.519000	0.451417	13276.971566	
4.167000	140.966000	-5.052000	121.019000	136.101000	0.422646	12807.449139	
4.200000	140.966000	-5.052000	176.995000	132.683000	0.396235	12007.106519	
4.234000	140.966000	-5.052000	224.830000	110.325000	0.372683	10961.265876	
4.267000	140.966000	-5.052000	259.538000	71.065000	0.371570	11259.708377	
4.300000	140.966000	-5.052000	278.201000	25.925000	0.348692	10566.416390	
4.334000	140.966000	-5.052000	279.835000	-23.088000	0.351157	10328.137180	
4.367000	140.966000	-5.052000	266.493000	-68.990000	0.341950	10362.120347	
4.400000	140.966000	-5.052000	236.202000	-107.765000	0.352048	10668.114162	
4.434000	140.966000	-5.052000	195.009000	-133.458000	0.349271	10272.687570	
4.467000	140.966000	-5.052000	146.921000	-145.100000	0.355877	10784.146740	
4.500000	140.966000	-5.052000	95.967000	-138.720000	0.367226	11128.057055	
4.534000	140.966000	-5.052000	51.155000	-113.384000	0.367466	10807.815678	
4.567000	140.966000	-5.052000	18.455000	-73.139000	0.371344	11252.840690	
4.600000	140.966000	-5.052000	0.821000	-24.006000	0.372827	11297.774028	
4.634000	140.966000	-5.052000	3.201000	26.977000	0.362862	10672.413563	
4.667000	140.966000	-5.052000	22.544000	72.834000	0.353336	10707.158031	
4.700000	140.966000	-5.052000	54.812000	108.594000	0.340369	10314.205969	
4.734000	140.966000	-5.052000	96.982000	131.280000	0.336578	9899.342967	
4.767000	140.966000	-5.052000	141.033000	137.951000	0.312550	9471.214432	
4.800000	140.966000	-5.052000	181.987000	131.646000	0.291066	8820.185545	
4.834000	140.966000	-5.052000	218.860000	114.370000	0.286427	8424.310291	
4.867000	140.966000	-5.052000	247.672000	89.154000	0.269573	8168.883987	
4.900000	140.966000	-5.052000	268.425000	55.998000	0.276573	8381.009213	
4.934000	140.966000	-5.052000	280.156000	19.910000	0.269237	7918.747297	
4.967000	140.966000	-5.052000	280.873000	-18.096000	0.270416	8194.420261	
5.000000	140.966000	-5.052000	272.612000	-53.035000	0.256556	7774.416859	
5.034000	140.966000	-5.052000	256.373000	-84.915000	0.255824	7524.241247	
5.067000	140.966000	-5.052000	232.173000	-111.735000	0.258100	7821.205932	
5.100000	140.966000	-5.052000	201.032000	-130.503000	0.260807	7903.252406	
5.134000	140.966000	-5.052000	166.943000	-142.249000	0.259419	7629.968032	
5.167000	140.966000	-5.052000	130.929000	-143.981000	0.259246	7855.937707	
5.200000	140.966000	-5.052000	96.975000	-137.727000	0.248042	7516.428590	
5.234000	140.966000	-5.052000	64.088000	-122.481000	0.259493	7632.155962	
5.267000	140.966000	-5.052000	36.260000	-99.273000	0.258402	7830.349450	
5.300000	140.966000	-5.052000	15.477000	-70.117000	0.254408	7709.328790	
5.334000	140.966000	-5.052000	3.716000	-38.028000	0.242538	7133.479075	
