Time(ms)	원점 X(cm)	원점 Y(cm)	좌표 X(cm)	좌표 Y(cm)	각(rad)	각속도(rad/s)	
0.000000	139.974000	-4.044000	274.321000	41.954000	0.000000	0.000000	
0.033000	139.974000	-4.044000	274.321000	41.954000	0.000000	0.000000	
0.066000	139.974000	-4.044000	274.321000	41.954000	0.000000	0.000000	
0.100000	139.974000	-4.044000	275.298000	38.947000	0.022267	654.899965	
0.133000	139.974000	-4.044000	276.276000	35.939000	0.022269	674.813637	
0.166000	139.974000	-4.044000	276.261000	33.939000	0.013535	410.157015	
0.200000	139.974000	-4.044000	278.231000	29.925000	0.030879	908.208468	
0.233000	139.974000	-4.044000	278.201000	25.925000	0.027417	830.814352	
0.266000	139.974000	-4.044000	280.171000	21.910000	0.030453	922.810197	
0.300000	139.974000	-4.044000	280.127000	15.910000	0.041630	1224.420454	
0.333000	139.974000	-4.044000	281.082000	9.903000	0.042903	1300.101210	
0.366000	139.974000	-4.044000	282.037000	3.895000	0.042694	1293.745747	
0.400000	139.974000	-4.044000	281.977000	-4.104000	0.056248	1654.356403	
0.433000	139.974000	-4.044000	281.932000	-10.104000	0.042240	1280.007690	
0.466000	139.974000	-4.044000	280.873000	-18.096000	0.056740	1719.380049	
0.500000	139.974000	-4.044000	279.813000	-26.088000	0.056949	1674.984419	
0.533000	139.974000	-4.044000	277.739000	-36.073000	0.072080	2184.251738	
0.566000	139.974000	-4.044000	275.679000	-44.058000	0.058303	1766.745884	
0.600000	139.974000	-4.044000	271.604000	-54.028000	0.076177	2240.508062	
0.633000	139.974000	-4.044000	268.537000	-63.005000	0.067084	2032.834797	
0.666000	139.974000	-4.044000	263.463000	-72.968000	0.079075	2396.205401	
0.700000	139.974000	-4.044000	257.388000	-82.923000	0.082479	2425.862748	
0.733000	139.974000	-4.044000	249.314000	-92.863000	0.090658	2747.215006	
0.766000	139.974000	-4.044000	241.247000	-101.803000	0.085537	2592.024317	
0.800000	139.974000	-4.044000	231.180000	-110.728000	0.095710	2814.996308	
0.833000	139.974000	-4.044000	220.113000	-119.645000	0.101169	3065.717109	
0.866000	139.974000	-4.044000	208.054000	-127.556000	0.102408	3103.273963	
0.900000	139.974000	-4.044000	194.010000	-133.451000	0.108208	3182.582055	
0.933000	139.974000	-4.044000	179.965000	-139.346000	0.108171	3277.915712	
0.966000	139.974000	-4.044000	164.936000	-143.234000	0.109935	3331.361962	
1.000000	139.974000	-4.044000	146.921000	-145.100000	0.128241	3771.796089	
1.033000	139.974000	-4.044000	129.922000	-144.973000	0.120416	3648.978418	
1.066000	139.974000	-4.044000	111.937000	-142.839000	0.128115	3882.261426	
1.100000	139.974000	-4.044000	93.982000	-136.705000	0.134401	3952.960121	
1.133000	139.974000	-4.044000	77.035000	-129.578000	0.131022	3970.356006	
1.166000	139.974000	-4.044000	59.110000	-119.444000	0.146471	4438.521129	
1.200000	139.974000	-4.044000	43.208000	-106.325000	0.146484	4308.350100	
1.233000	139.974000	-4.044000	28.328000	-90.213000	0.155787	4720.814744	
1.266000	139.974000	-4.044000	16.462000	-72.124000	0.153546	4652.909463	
1.300000	139.974000	-4.044000	6.619000	-51.050000	0.164876	4849.290337	
1.333000	139.974000	-4.044000	0.791000	-28.006000	0.168399	5102.994496	
1.366000	139.974000	-4.044000	-1.029000	-3.992000	0.170859	5177.554496	
1.400000	139.974000	-4.044000	1.157000	20.992000	0.178066	5237.224032	
1.433000	139.974000	-4.044000	7.336000	44.947000	0.175381	5314.585609	
1.466000	139.974000	-4.044000	19.514000	68.856000	0.190404	5769.818089	
1.500000	139.974000	-4.044000	33.671000	89.751000	0.178750	5257.361585	
1.533000	139.974000	-4.044000	53.804000	107.601000	0.190505	5772.883267	
1.566000	139.974000	-4.044000	75.916000	122.437000	0.188516	5712.611907	
1.600000	139.974000	-4.044000	101.990000	132.243000	0.196997	5794.018338	
1.633000	139.974000	-4.044000	128.026000	137.048000	0.187328	5676.592831	
1.666000	139.974000	-4.044000	156.026000	136.839000	0.197930	5997.880359	
1.700000	139.974000	-4.044000	182.987000	131.638000	0.193542	5692.413736	
1.733000	139.974000	-4.044000	208.905000	120.444000	0.198700	6021.223798	
1.766000	139.974000	-4.044000	232.777000	103.266000	0.207339	6282.999812	
1.800000	139.974000	-4.044000	251.627000	83.125000	0.194896	5732.231887	
1.833000	139.974000	-4.044000	267.448000	59.006000	0.203543	6167.965768	
1.866000	139.974000	-4.044000	276.246000	31.939000	0.201166	6095.951519	
1.900000	139.974000	-4.044000	281.022000	1.903000	0.216022	6353.601771	
1.933000	139.974000	-4.044000	279.806000	-27.088000	0.205468	6226.294653	
1.966000	139.974000	-4.044000	270.589000	-56.020000	0.215393	6527.071436	
2.000000	139.974000	-4.044000	256.381000	-83.915000	0.222637	6548.154608	
2.033000	139.974000	-4.044000	235.202000	-107.758000	0.226668	6868.715920	
2.066000	139.974000	-4.044000	209.061000	-126.563000	0.229325	6949.245420	
2.100000	139.974000	-4.044000	177.965000	-139.331000	0.239676	7049.304568	
2.133000	139.974000	-4.044000	143.929000	-144.078000	0.245531	7440.341467	
2.166000	139.974000	-4.044000	108.952000	-140.816000	0.251277	7614.465348	
2.200000	139.974000	-4.044000	74.043000	-128.556000	0.263938	7762.891753	
2.233000	139.974000	-4.044000	44.208000	-106.332000	0.265500	8045.442575	
2.266000	139.974000	-4.044000	19.432000	-76.147000	0.279254	8462.232741	
2.300000	139.974000	-4.044000	4.701000	-40.036000	0.279018	8206.421956	
2.333000	139.974000	-4.044000	0.007000	1.000000	0.296066	8971.700959	
2.366000	139.974000	-4.044000	5.306000	40.962000	0.286509	8682.077847	
2.400000	139.974000	-4.044000	25.581000	77.811000	0.298562	8781.246940	
2.433000	139.974000	-4.044000	53.804000	107.601000	0.292383	8860.082557	
2.466000	139.974000	-4.044000	88.953000	127.340000	0.286911	8694.276486	
2.500000	139.974000	-4.044000	129.026000	137.041000	0.292967	8616.665262	
2.533000	139.974000	-4.044000	170.010000	134.735000	0.290586	8805.648882	
2.566000	139.974000	-4.044000	206.912000	121.459000	0.276833	8388.889495	
2.600000	139.974000	-4.044000	238.740000	98.221000	0.278018	8177.008677	
2.633000	139.974000	-4.044000	262.508000	67.043000	0.277112	8397.344575	
2.666000	139.974000	-4.044000	277.231000	29.932000	0.283031	8576.708559	
2.700000	139.974000	-4.044000	280.940000	-9.096000	0.278481	8190.618409	
2.733000	139.974000	-4.044000	274.642000	-49.050000	0.286707	8688.089379	
2.766000	139.974000	-4.044000	255.373000	-84.908000	0.288688	8748.131771	
2.800000	139.974000	-4.044000	226.143000	-115.690000	0.302267	8890.197571	
2.833000	139.974000	-4.044000	187.987000	-136.406000	0.309332	9373.698875	
2.866000	139.974000	-4.044000	144.929000	-144.085000	0.312611	9473.073040	
2.900000	139.974000	-4.044000	97.967000	-138.734000	0.337687	9931.966962	
2.933000	139.974000	-4.044000	54.133000	-116.407000	0.350058	10607.805580	
2.966000	139.974000	-4.044000	20.417000	-78.154000	0.363517	11015.653496	
3.000000	139.974000	-4.044000	1.776000	-30.014000	0.369151	10857.369464	
3.033000	139.974000	-4.044000	1.172000	22.992000	0.378125	11458.327996	
3.066000	139.974000	-4.044000	21.544000	72.841000	0.383442	11619.446364	
3.100000	139.974000	-4.044000	57.827000	110.572000	0.373126	10974.296179	
3.133000	139.974000	-4.044000	104.997000	133.220000	0.372350	11283.345721	
3.166000	139.974000	-4.044000	156.026000	136.839000	0.362955	10998.637752	
3.200000	139.974000	-4.044000	202.927000	123.489000	0.345082	10149.480439	
3.233000	139.974000	-4.044000	241.710000	94.199000	0.344332	10434.291343	
3.266000	139.974000	-4.044000	268.425000	55.998000	0.330678	10020.556112	
3.300000	139.974000	-4.044000	281.074000	8.903000	0.345753	10169.216423	
3.333000	139.974000	-4.044000	276.724000	-38.066000	0.335341	10161.839007	
3.366000	139.974000	-4.044000	257.388000	-82.923000	0.347710	10536.677440	
3.400000	139.974000	-4.044000	222.128000	-117.660000	0.353195	10388.088222	
3.433000	139.974000	-4.044000	174.958000	-140.309000	0.374744	11355.886997	
3.466000	139.974000	-4.044000	119.937000	-142.899000	0.394620	11958.174355	
3.500000	139.974000	-4.044000	67.073000	-124.503000	0.400917	11791.680414	
3.533000	139.974000	-4.044000	23.380000	-83.176000	0.430282	13038.839974	
3.566000	139.974000	-4.044000	0.813000	-25.006000	0.446778	13538.722620	
3.600000	139.974000	-4.044000	6.291000	38.954000	0.460699	13549.956944	
3.633000	139.974000	-4.044000	37.693000	92.721000	0.446502	13530.357974	
3.666000	139.974000	-4.044000	88.960000	128.340000	0.445291	13493.660065	
3.700000	139.974000	-4.044000	148.033000	137.899000	0.424528	12486.114703	
3.733000	139.974000	-4.044000	202.920000	122.489000	0.404904	12269.811683	
3.766000	139.974000	-4.044000	246.672000	89.162000	0.391169	11853.610611	
3.800000	139.974000	-4.044000	273.328000	42.961000	0.379123	11150.675221	
3.833000	139.974000	-4.044000	280.925000	-11.096000	0.388875	11784.087864	
3.866000	139.974000	-4.044000	267.530000	-63.998000	0.389388	11799.642663	
3.900000	139.974000	-4.044000	234.195000	-108.750000	0.398679	11725.856365	
3.933000	139.974000	-4.044000	182.980000	-137.369000	0.420711	12748.818733	
3.966000	139.974000	-4.044000	122.937000	-142.921000	0.434095	13154.396412	
4.000000	139.974000	-4.044000	62.103000	-120.466000	0.467458	13748.775443	
4.033000	139.974000	-4.044000	16.470000	-71.124000	0.483710	14657.865988	
4.066000	139.974000	-4.044000	-1.022000	-2.992000	0.505022	15303.711055	
