Time(ms)	원점 X(cm)	원점 Y(cm)	좌표 X(cm)	좌표 Y(cm)	각(rad)	각속도(rad/s)	
0.000000	136.019000	1.985000	-4.880000	16.037000	0.000000	0.000000	
0.033000	136.019000	1.985000	-4.872000	17.037000	0.007028	212.980195	
0.066000	136.019000	1.985000	-3.858000	19.029000	0.014822	449.136586	
0.100000	136.019000	1.985000	-3.858000	19.029000	0.000000	0.000000	
0.133000	136.019000	1.985000	-3.843000	21.029000	0.014078	426.616743	
0.166000	136.019000	1.985000	-3.813000	25.029000	0.027999	848.460664	
0.200000	136.019000	1.985000	-2.798000	27.022000	0.015112	444.460308	
0.233000	136.019000	1.985000	-1.768000	31.014000	0.029202	884.916529	
0.266000	136.019000	1.985000	-1.738000	35.014000	0.027677	838.697992	
0.300000	136.019000	1.985000	0.291000	38.999000	0.030913	909.196675	
0.333000	136.019000	1.985000	1.336000	44.991000	0.042846	1298.365673	
0.366000	136.019000	1.985000	3.366000	48.976000	0.031368	950.536123	
0.400000	136.019000	1.985000	5.410000	54.961000	0.044884	1320.118306	
0.433000	136.019000	1.985000	7.455000	60.946000	0.044661	1353.377586	
0.466000	136.019000	1.985000	11.500000	66.916000	0.050671	1535.484293	
0.500000	136.019000	1.985000	14.552000	73.893000	0.053850	1583.823009	
0.533000	136.019000	1.985000	18.604000	80.863000	0.057026	1728.069221	
0.566000	136.019000	1.985000	23.649000	86.826000	0.055163	1671.604606	
0.600000	136.019000	1.985000	29.701000	93.781000	0.065525	1927.206078	
0.633000	136.019000	1.985000	35.753000	100.736000	0.065558	1986.609092	
0.666000	136.019000	1.985000	42.797000	106.684000	0.065535	1985.914714	
0.700000	136.019000	1.985000	50.849000	113.624000	0.075766	2228.402689	
0.733000	136.019000	1.985000	59.894000	119.556000	0.077107	2336.579714	
0.766000	136.019000	1.985000	69.931000	124.482000	0.079851	2419.723226	
0.800000	136.019000	1.985000	79.975000	130.407000	0.083261	2448.840771	
0.833000	136.019000	1.985000	90.005000	134.332000	0.076887	2329.914848	
0.866000	136.019000	1.985000	102.034000	138.242000	0.090173	2732.503072	
0.900000	136.019000	1.985000	115.049000	140.145000	0.093800	2758.833090	
0.933000	136.019000	1.985000	128.064000	142.048000	0.093896	2845.331410	
0.966000	136.019000	1.985000	142.063000	141.944000	0.099892	3027.035739	
1.000000	136.019000	1.985000	156.048000	139.839000	0.101125	2974.251280	
1.033000	136.019000	1.985000	170.033000	137.735000	0.101227	3067.490145	
1.066000	136.019000	1.985000	184.002000	133.631000	0.104011	3151.860510	
1.100000	136.019000	1.985000	197.957000	127.526000	0.108808	3200.239233	
1.133000	136.019000	1.985000	210.912000	121.429000	0.101717	3082.345520	
1.166000	136.019000	1.985000	223.837000	111.333000	0.116586	3532.905179	
1.200000	136.019000	1.985000	235.755000	100.243000	0.116231	3418.562180	
1.233000	136.019000	1.985000	247.657000	87.154000	0.126225	3825.006589	
1.266000	136.019000	1.985000	257.553000	73.080000	0.122406	3709.266473	
1.300000	136.019000	1.985000	265.440000	58.021000	0.120697	3549.902548	
1.333000	136.019000	1.985000	271.306000	39.976000	0.134839	4086.025102	
1.366000	136.019000	1.985000	275.186000	23.947000	0.117247	3552.948861	
1.400000	136.019000	1.985000	277.045000	4.933000	0.135619	3988.784947	
1.433000	136.019000	1.985000	276.903000	-14.066000	0.134342	4070.980893	
1.466000	136.019000	1.985000	272.754000	-34.036000	0.144143	4367.965480	
1.500000	136.019000	1.985000	266.619000	-51.991000	0.134328	3950.832913	
1.533000	136.019000	1.985000	258.485000	-69.930000	0.139060	4213.937055	
1.566000	136.019000	1.985000	246.351000	-87.840000	0.152327	4615.977767	
1.600000	136.019000	1.985000	232.240000	-102.735000	0.144369	4246.150889	
1.633000	136.019000	1.985000	214.136000	-116.601000	0.160635	4867.713735	
1.666000	136.019000	1.985000	195.054000	-127.459000	0.154606	4685.027430	
1.700000	136.019000	1.985000	173.988000	-136.302000	0.159924	4703.635498	
1.733000	136.019000	1.985000	149.959000	-140.122000	0.170181	5157.001174	
1.766000	136.019000	1.985000	124.959000	-139.936000	0.175556	5319.871098	
1.800000	136.019000	1.985000	100.982000	-136.757000	0.169588	4987.888228	
1.833000	136.019000	1.985000	77.050000	-127.578000	0.179756	5447.166383	
1.866000	136.019000	1.985000	54.148000	-114.407000	0.185891	5633.060762	
1.900000	136.019000	1.985000	33.283000	-96.251000	0.194776	5728.718126	
1.933000	136.019000	1.985000	16.440000	-75.124000	0.190273	5765.860073	
1.966000	136.019000	1.985000	3.634000	-49.028000	0.204934	6210.120513	
2.000000	136.019000	1.985000	-4.156000	-20.969000	0.205491	6043.866867	
2.033000	136.019000	1.985000	-4.932000	9.037000	0.212302	6433.387297	
2.066000	136.019000	1.985000	-0.716000	38.006000	0.207594	6290.740586	
2.100000	136.019000	1.985000	10.492000	65.924000	0.213527	6280.200023	
2.133000	136.019000	1.985000	27.678000	90.796000	0.215549	6531.774084	
2.166000	136.019000	1.985000	49.842000	112.631000	0.222424	6740.112531	
2.200000	136.019000	1.985000	75.961000	128.437000	0.218308	6420.818684	
2.233000	136.019000	1.985000	105.034000	138.220000	0.219771	6659.741374	
2.266000	136.019000	1.985000	135.063000	141.996000	0.216806	6569.870022	
2.300000	136.019000	1.985000	165.040000	138.772000	0.215890	6349.702309	
2.333000	136.019000	1.985000	193.972000	129.556000	0.217346	6586.237004	
2.366000	136.019000	1.985000	219.860000	114.362000	0.214573	6502.205153	
2.400000	136.019000	1.985000	242.702000	93.191000	0.222469	6543.213206	
2.433000	136.019000	1.985000	260.515000	68.058000	0.219423	6649.181632	
2.466000	136.019000	1.985000	272.298000	38.969000	0.222922	6755.205683	
2.500000	136.019000	1.985000	277.074000	8.933000	0.215784	6346.592745	
2.533000	136.019000	1.985000	275.836000	-23.059000	0.226458	6862.360038	
2.566000	136.019000	1.985000	266.612000	-52.991000	0.221214	6703.445415	
2.600000	136.019000	1.985000	251.396000	-81.878000	0.230073	6766.844946	
2.633000	136.019000	1.985000	229.217000	-105.713000	0.228923	6937.065528	
2.666000	136.019000	1.985000	201.069000	-125.503000	0.241537	7319.308905	
2.700000	136.019000	1.985000	167.988000	-136.257000	0.244550	7192.656273	
2.733000	136.019000	1.985000	132.952000	-140.996000	0.248706	7536.547420	
2.766000	136.019000	1.985000	96.990000	-135.727000	0.254721	7718.822931	
2.800000	136.019000	1.985000	63.110000	-119.474000	0.264455	7778.076896	
2.833000	136.019000	1.985000	32.290000	-95.243000	0.277114	8397.400147	
2.866000	136.019000	1.985000	9.537000	-62.072000	0.284264	8614.053024	
2.900000	136.019000	1.985000	-3.171000	-22.976000	0.291351	8569.152924	
2.933000	136.019000	1.985000	-4.865000	18.037000	0.290893	8814.932178	
2.966000	136.019000	1.985000	7.440000	58.946000	0.303572	9199.160426	
3.000000	136.019000	1.985000	29.693000	92.781000	0.289756	8522.238055	
3.033000	136.019000	1.985000	60.901000	120.549000	0.299285	9069.234780	
3.066000	136.019000	1.985000	99.027000	137.265000	0.297812	9024.614326	
3.100000	136.019000	1.985000	139.063000	141.966000	0.288665	8490.141947	
3.133000	136.019000	1.985000	179.017000	135.668000	0.289449	8771.177947	
3.166000	136.019000	1.985000	214.890000	118.400000	0.284273	8614.331545	
3.200000	136.019000	1.985000	243.695000	92.184000	0.278029	8177.317731	
3.233000	136.019000	1.985000	264.448000	59.028000	0.279317	8464.142745	
3.266000	136.019000	1.985000	276.164000	20.940000	0.283550	8592.413615	
3.300000	136.019000	1.985000	275.873000	-18.059000	0.276788	8140.837300	
3.333000	136.019000	1.985000	265.582000	-56.983000	0.284760	8629.099609	
3.366000	136.019000	1.985000	243.329000	-90.818000	0.285919	8664.210066	
3.400000	136.019000	1.985000	213.128000	-117.593000	0.285024	8383.072254	
3.433000	136.019000	1.985000	172.995000	-135.294000	0.309636	9382.906700	
3.466000	136.019000	1.985000	129.952000	-140.973000	0.305519	9258.145991	
3.500000	136.019000	1.985000	84.020000	-131.630000	0.328722	9668.299673	
3.533000	136.019000	1.985000	43.208000	-106.325000	0.337351	10222.767776	
3.566000	136.019000	1.985000	12.492000	-68.095000	0.346262	10492.780479	
3.600000	136.019000	1.985000	-3.149000	-19.977000	0.359529	10574.381589	
3.633000	136.019000	1.985000	-1.761000	32.014000	0.371112	11245.804355	
3.666000	136.019000	1.985000	17.589000	78.871000	0.361227	10946.271373	
3.700000	136.019000	1.985000	53.864000	115.601000	0.368919	10850.554498	
3.733000	136.019000	1.985000	99.027000	137.265000	0.359135	10882.879237	
3.766000	136.019000	1.985000	148.056000	140.899000	0.353357	10707.796422	
3.800000	136.019000	1.985000	193.972000	129.556000	0.339973	9999.203926	
3.833000	136.019000	1.985000	232.777000	103.266000	0.336155	10186.528080	
3.866000	136.019000	1.985000	260.508000	67.058000	0.326574	9896.196069	
3.900000	136.019000	1.985000	275.179000	22.947000	0.332150	9769.127012	
